0.877159	0.234038	-0.045986	0.211789	-0.046553	0.327439	-0.070752	-0.061904	0.033044	-0.063136	-0.085819	-0.050667	-0.074539	-0.051169	0.009827	-0.067631	-0.057048	-0.082556	-0.048328	-0.028380	-0.068591	-0.082054	-0.024755	-0.025464	-0.021862	-0.028904	-0.051910	-0.093907	-0.028945	-0.048583	-0.111384	-0.038123	-0.045736	-0.085813	-0.087308	-0.095159	
0.234038	0.920434	-0.047023	0.234719	-0.044655	0.255330	-0.046895	-0.050850	0.037051	-0.038396	-0.057835	-0.067896	-0.060698	-0.043310	0.003648	-0.062575	-0.071135	-0.052920	-0.047134	-0.060515	-0.056967	-0.030367	-0.064273	0.006823	-0.035335	-0.071699	-0.045582	-0.083181	-0.027822	-0.025453	-0.080193	-0.047723	-0.073654	-0.096331	-0.081621	-0.071540	
-0.045986	-0.047023	1.015695	-0.052272	-0.014411	-0.028450	-0.032190	-0.025257	-0.039291	-0.054192	-0.025695	-0.016554	-0.030586	-0.034921	-0.014374	-0.003072	-0.013013	-0.016423	-0.044829	0.001015	0.013782	-0.039165	-0.006254	-0.016613	-0.024560	-0.039854	-0.051334	-0.052180	-0.024648	-0.006275	-0.063921	-0.056533	-0.036540	-0.047345	-0.064702	-0.047111	
0.211789	0.234719	-0.052272	0.904143	-0.045342	0.239135	-0.035671	-0.046669	0.054893	-0.026233	-0.073862	-0.042156	-0.050106	-0.049384	-0.007334	-0.061947	-0.036359	-0.046357	-0.059762	-0.027585	-0.064158	-0.016260	-0.056412	0.004972	-0.051073	-0.064573	-0.054967	-0.088511	-0.046029	-0.042916	-0.097656	-0.042855	-0.043224	-0.109038	-0.081228	-0.084743	
-0.046553	-0.044655	-0.014411	-0.045342	0.968682	-0.018703	-0.038467	-0.028960	-0.025444	-0.034978	-0.056717	-0.049836	-0.021918	-0.050365	-0.010746	-0.025634	-0.025728	-0.042932	-0.030722	0.023570	-0.006051	-0.034531	0.003464	-0.051086	-0.026302	-0.034316	-0.014277	-0.046023	-0.014618	-0.042842	-0.066281	-0.022035	-0.011362	-0.035181	-0.019958	-0.049491	
0.327439	0.255330	-0.028450	0.239135	-0.018703	0.863208	-0.043878	-0.051543	0.061008	-0.055902	-0.059630	-0.064275	-0.056302	-0.069027	0.004949	-0.062118	-0.062221	-0.068604	-0.058938	-0.031756	-0.045998	-0.048680	-0.039740	0.021553	-0.043608	-0.063320	-0.029502	-0.098656	-0.028899	-0.035611	-0.095567	-0.058174	-0.057748	-0.112404	-0.093897	-0.090653	
-0.070752	-0.046895	-0.032190	-0.035671	-0.038467	-0.043878	0.999735	-0.009274	-0.062460	-0.034736	-0.027127	-0.021137	-0.023344	-0.011318	-0.023691	0.008781	-0.019830	-0.018800	-0.040002	-0.046175	-0.006443	-0.005877	-0.025326	-0.016555	-0.042386	-0.053643	-0.010167	-0.054863	0.007648	-0.034736	-0.036619	-0.017123	-0.046488	-0.033644	-0.061979	-0.048378	
-0.061904	-0.050850	-0.025257	-0.046669	-0.028960	-0.051543	-0.009274	1.004952	-0.035733	-0.057748	0.028457	0.011747	-0.022630	-0.010900	-0.011113	-0.039048	-0.039479	-0.027524	-0.073465	-0.018181	-0.034276	-0.052297	-0.050365	-0.023958	0.010439	-0.054846	0.017473	0.001745	-0.022782	-0.060374	-0.052969	0.012016	-0.050512	-0.055878	-0.037605	-0.061412	
0.033044	0.037051	-0.039291	0.054893	-0.025444	0.061008	-0.062460	-0.035733	0.986671	0.073988	-0.043656	-0.041207	-0.044014	-0.039918	-0.034346	-0.046665	-0.057146	-0.051191	0.055303	-0.040534	-0.022631	0.022461	-0.032892	-0.035670	-0.039456	-0.086263	-0.020355	-0.053641	-0.045204	-0.079906	-0.091931	-0.028679	-0.050076	-0.087243	-0.068679	-0.064354	
-0.063136	-0.038396	-0.054192	-0.026233	-0.034978	-0.055902	-0.034736	-0.057748	0.073988	0.969300	-0.053294	-0.056783	-0.070486	-0.028630	-0.013170	-0.052894	-0.015642	-0.026901	0.279668	-0.054808	-0.025821	0.146648	-0.039806	-0.042683	-0.026171	-0.066146	-0.070888	-0.043438	-0.058138	-0.075148	-0.074682	-0.056510	-0.062133	-0.050797	-0.067316	-0.057960	
-0.085819	-0.057835	-0.025695	-0.073862	-0.056717	-0.059630	-0.027127	0.028457	-0.043656	-0.053294	1.001000	0.013470	-0.012721	-0.019641	-0.030043	-0.009764	-0.054918	-0.020637	-0.047946	-0.015673	-0.029854	-0.049951	-0.061320	-0.020678	0.003009	-0.073334	0.004424	0.045799	-0.010973	-0.006265	-0.070456	0.026858	0.002146	-0.066421	-0.072655	-0.068854	
-0.050667	-0.067896	-0.016554	-0.042156	-0.049836	-0.064275	-0.021137	0.011747	-0.041207	-0.056783	0.013470	1.052884	-0.020912	0.047539	-0.048673	0.006240	-0.058008	-0.008670	-0.081200	-0.068533	-0.011675	-0.040963	-0.045008	-0.014276	-0.043829	-0.044817	-0.020493	0.022235	0.020644	-0.033667	-0.059338	-0.028846	-0.028711	-0.061897	-0.044042	-0.058605	
-0.074539	-0.060698	-0.030586	-0.050106	-0.021918	-0.056302	-0.023344	-0.022630	-0.044014	-0.070486	-0.012721	-0.020912	1.044272	-0.028252	0.011416	-0.040736	-0.032448	-0.042015	-0.047061	-0.019109	-0.025888	-0.050023	-0.045132	-0.011567	-0.043943	-0.041624	-0.027491	-0.007063	-0.067093	-0.003413	-0.007375	-0.019056	-0.026932	-0.021519	-0.025419	-0.037761	
-0.051169	-0.043310	-0.034921	-0.049384	-0.050365	-0.069027	-0.011318	-0.010900	-0.039918	-0.028630	-0.019641	0.047539	-0.028252	0.986741	-0.055013	-0.061039	-0.022626	-0.046364	-0.028706	-0.008147	0.005232	-0.017374	0.010024	-0.005027	-0.024462	-0.050116	-0.042275	-0.015479	0.008909	-0.010529	-0.056633	-0.025838	-0.042284	-0.074845	-0.033180	-0.059707	
0.009827	0.003648	-0.014374	-0.007334	-0.010746	0.004949	-0.023691	-0.011113	-0.034346	-0.013170	-0.030043	-0.048673	0.011416	-0.055013	0.953814	-0.027783	-0.025039	-0.026273	-0.018380	-0.042907	-0.004267	-0.040594	-0.042970	-0.050525	-0.038406	-0.047330	-0.040716	-0.056862	-0.051662	-0.017003	-0.030721	-0.029183	-0.051270	-0.053927	-0.037790	-0.061419	
-0.067631	-0.062575	-0.003072	-0.061947	-0.025634	-0.062118	0.008781	-0.039048	-0.046665	-0.052894	-0.009764	0.006240	-0.040736	-0.061039	-0.027783	1.035236	0.002509	-0.006113	-0.048371	-0.022172	-0.047519	-0.017242	0.058975	-0.027615	-0.017642	-0.049614	-0.013816	-0.047685	-0.001056	-0.006380	-0.073014	-0.033207	-0.058884	-0.062993	-0.062063	-0.059929	
-0.057048	-0.071135	-0.013013	-0.036359	-0.025728	-0.062221	-0.019830	-0.039479	-0.057146	-0.015642	-0.054918	-0.058008	-0.032448	-0.022626	-0.025039	0.002509	0.993944	-0.027210	-0.021413	-0.016667	-0.036037	0.008899	-0.024694	-0.034679	0.000651	-0.045850	-0.022354	-0.034912	-0.026701	-0.014844	-0.052207	-0.047209	-0.016944	-0.038839	-0.012006	-0.033324	
-0.082556	-0.052920	-0.016423	-0.046357	-0.042932	-0.068604	-0.018800	-0.027524	-0.051191	-0.026901	-0.020637	-0.008670	-0.042015	-0.046364	-0.026273	-0.006113	-0.027210	1.017473	-0.009247	-0.064520	-0.029398	-0.034215	0.081022	-0.040337	-0.044605	-0.029182	-0.033955	-0.048243	-0.020459	-0.025277	-0.019701	-0.032207	-0.042055	-0.048911	-0.034934	-0.036043	
-0.048328	-0.047134	-0.044829	-0.059762	-0.030722	-0.058938	-0.040002	-0.073465	0.055303	0.279668	-0.047946	-0.081200	-0.047061	-0.028706	-0.018380	-0.048371	-0.021413	-0.009247	1.072711	-0.059135	-0.059204	0.143433	-0.040781	-0.035958	-0.052485	-0.054055	-0.064239	-0.066891	-0.054008	-0.065729	-0.086361	-0.039311	-0.049423	-0.072365	-0.056379	-0.078972	
-0.028380	-0.060515	0.001015	-0.027585	0.023570	-0.031756	-0.046175	-0.018181	-0.040534	-0.054808	-0.015673	-0.068533	-0.019109	-0.008147	-0.042907	-0.022172	-0.016667	-0.064520	-0.059135	1.020105	-0.029258	-0.027099	-0.032001	-0.025556	-0.015855	-0.052192	-0.025978	-0.040200	-0.025161	-0.038174	-0.054115	-0.007431	-0.021820	-0.044659	-0.040273	-0.017358	
-0.068591	-0.056967	0.013782	-0.064158	-0.006051	-0.045998	-0.006443	-0.034276	-0.022631	-0.025821	-0.029854	-0.011675	-0.025888	0.005232	-0.004267	-0.047519	-0.036037	-0.029398	-0.059204	-0.029258	1.005119	-0.032007	-0.028006	-0.034475	-0.029022	-0.054258	-0.019248	-0.026316	-0.010694	-0.001760	-0.049233	-0.057286	-0.051176	-0.025941	-0.029079	-0.051667	
-0.082054	-0.030367	-0.039165	-0.016260	-0.034531	-0.048680	-0.005877	-0.052297	0.022461	0.146648	-0.049951	-0.040963	-0.050023	-0.017374	-0.040594	-0.017242	0.008899	-0.034215	0.143433	-0.027099	-0.032007	0.942633	-0.037143	-0.018532	-0.055206	-0.048605	-0.055634	-0.062709	-0.019989	-0.075650	-0.067388	-0.046391	-0.069574	-0.072181	-0.035058	-0.065321	
-0.024755	-0.064273	-0.006254	-0.056412	0.003464	-0.039740	-0.025326	-0.050365	-0.032892	-0.039806	-0.061320	-0.045008	-0.045132	0.010024	-0.042970	0.058975	-0.024694	0.081022	-0.040781	-0.032001	-0.028006	-0.037143	0.950386	-0.029406	-0.017033	-0.040726	-0.026853	-0.031421	-0.027783	-0.018307	-0.058910	-0.040954	-0.039167	-0.046176	-0.033619	-0.055389	
-0.025464	0.006823	-0.016613	0.004972	-0.051086	0.021553	-0.016555	-0.023958	-0.035670	-0.042683	-0.020678	-0.014276	-0.011567	-0.005027	-0.050525	-0.027615	-0.034679	-0.040337	-0.035958	-0.025556	-0.034475	-0.018532	-0.029406	0.977894	-0.043702	-0.057330	-0.032809	-0.048841	-0.003989	-0.025666	-0.055881	-0.036568	-0.022065	-0.042524	-0.075366	-0.065948	
-0.021862	-0.035335	-0.024560	-0.051073	-0.026302	-0.043608	-0.042386	0.010439	-0.039456	-0.026171	0.003009	-0.043829	-0.043943	-0.024462	-0.038406	-0.017642	0.000651	-0.044605	-0.052485	-0.015855	-0.029022	-0.055206	-0.017033	-0.043702	0.928880	-0.068046	0.102570	-0.025014	-0.042097	-0.039015	-0.040542	-0.012552	-0.014213	-0.056592	-0.052539	-0.028946	
-0.028904	-0.071699	-0.039854	-0.064573	-0.034316	-0.063320	-0.053643	-0.054846	-0.086263	-0.066146	-0.073334	-0.044817	-0.041624	-0.050116	-0.047330	-0.049614	-0.045850	-0.029182	-0.054055	-0.052192	-0.054258	-0.048605	-0.040726	-0.057330	-0.068046	1.089248	-0.057203	-0.065095	-0.058885	-0.037080	0.061109	-0.060885	-0.013217	0.068496	0.061131	0.226722	
-0.051910	-0.045582	-0.051334	-0.054967	-0.014277	-0.029502	-0.010167	0.017473	-0.020355	-0.070888	0.004424	-0.020493	-0.027491	-0.042275	-0.040716	-0.013816	-0.022354	-0.033955	-0.064239	-0.025978	-0.019248	-0.055634	-0.026853	-0.032809	0.102570	-0.057203	0.956981	-0.049823	-0.016912	-0.023485	-0.067325	-0.014519	-0.013746	-0.073719	-0.037198	-0.043718	
-0.093907	-0.083181	-0.052180	-0.088511	-0.046023	-0.098656	-0.054863	0.001745	-0.053641	-0.043438	0.045799	0.022235	-0.007063	-0.015479	-0.056862	-0.047685	-0.034912	-0.048243	-0.066891	-0.040200	-0.026316	-0.062709	-0.031421	-0.048841	-0.025014	-0.065095	-0.049823	1.096874	-0.054840	-0.009785	-0.048119	0.082048	0.114659	-0.056748	-0.023531	-0.041831	
-0.028945	-0.027822	-0.024648	-0.046029	-0.014618	-0.028899	0.007648	-0.022782	-0.045204	-0.058138	-0.010973	0.020644	-0.067093	0.008909	-0.051662	-0.001056	-0.026701	-0.020459	-0.054008	-0.025161	-0.010694	-0.019989	-0.027783	-0.003989	-0.042097	-0.058885	-0.016912	-0.054840	1.016978	-0.019422	-0.061401	0.000050	-0.052001	-0.060916	-0.054513	-0.070804	
-0.048583	-0.025453	-0.006275	-0.042916	-0.042842	-0.035611	-0.034736	-0.060374	-0.079906	-0.075148	-0.006265	-0.033667	-0.003413	-0.010529	-0.017003	-0.006380	-0.014844	-0.025277	-0.065729	-0.038174	-0.001760	-0.075650	-0.018307	-0.025666	-0.039015	-0.037080	-0.023485	-0.009785	-0.019422	1.027698	-0.044139	-0.038379	-0.013237	-0.038013	-0.046593	-0.011094	
-0.111384	-0.080193	-0.063921	-0.097656	-0.066281	-0.095567	-0.036619	-0.052969	-0.091931	-0.074682	-0.070456	-0.059338	-0.007375	-0.056633	-0.030721	-0.073014	-0.052207	-0.019701	-0.086361	-0.054115	-0.049233	-0.067388	-0.058910	-0.055881	-0.040542	0.061109	-0.067325	-0.048119	-0.061401	-0.044139	1.061497	-0.061697	-0.030247	0.396999	0.108301	0.075328	
-0.038123	-0.047723	-0.056533	-0.042855	-0.022035	-0.058174	-0.017123	0.012016	-0.028679	-0.056510	0.026858	-0.028846	-0.019056	-0.025838	-0.029183	-0.033207	-0.047209	-0.032207	-0.039311	-0.007431	-0.057286	-0.046391	-0.040954	-0.036568	-0.012552	-0.060885	-0.014519	0.082048	0.000050	-0.038379	-0.061697	0.941028	0.042316	-0.087499	-0.023506	-0.074482	
-0.045736	-0.073654	-0.036540	-0.043224	-0.011362	-0.057748	-0.046488	-0.050512	-0.050076	-0.062133	0.002146	-0.028711	-0.026932	-0.042284	-0.051270	-0.058884	-0.016944	-0.042055	-0.049423	-0.021820	-0.051176	-0.069574	-0.039167	-0.022065	-0.014213	-0.013217	-0.013746	0.114659	-0.052001	-0.013237	-0.030247	0.042316	0.975870	-0.027053	-0.029972	-0.040692	
-0.085813	-0.096331	-0.047345	-0.109038	-0.035181	-0.112404	-0.033644	-0.055878	-0.087243	-0.050797	-0.066421	-0.061897	-0.021519	-0.074845	-0.053927	-0.062993	-0.038839	-0.048911	-0.072365	-0.044659	-0.025941	-0.072181	-0.046176	-0.042524	-0.056592	0.068496	-0.073719	-0.056748	-0.060916	-0.038013	0.396999	-0.087499	-0.027053	1.071779	0.090817	0.068879	
-0.087308	-0.081621	-0.064702	-0.081228	-0.019958	-0.093897	-0.061979	-0.037605	-0.068679	-0.067316	-0.072655	-0.044042	-0.025419	-0.033180	-0.037790	-0.062063	-0.012006	-0.034934	-0.056379	-0.040273	-0.029079	-0.035058	-0.033619	-0.075366	-0.052539	0.061131	-0.037198	-0.023531	-0.054513	-0.046593	0.108301	-0.023506	-0.029972	0.090817	1.062272	0.073512	
-0.095159	-0.071540	-0.047111	-0.084743	-0.049491	-0.090653	-0.048378	-0.061412	-0.064354	-0.057960	-0.068854	-0.058605	-0.037761	-0.059707	-0.061419	-0.059929	-0.033324	-0.036043	-0.078972	-0.017358	-0.051667	-0.065321	-0.055389	-0.065948	-0.028946	0.226722	-0.043718	-0.041831	-0.070804	-0.011094	0.075328	-0.074482	-0.040692	0.068879	0.073512	1.135025	
