0.000000	0.300819	0.277164	0.295502	0.287712	0.295549	0.149907	0.151548	0.291943	0.298182	0.287523	0.292275	0.288554	0.288159	0.298568	0.291593	0.291180	0.280409	0.294386	0.284465	0.296167	0.309609	0.300940	0.306044	0.285004	0.299042	0.307773	0.302094	0.299340	0.307989	0.301325	0.294934	0.283217	0.284974	0.290595	0.306281	0.293548	0.272210	0.288146	0.300311	0.308323	0.309199	0.304515	0.288952	0.314693	0.323374	0.317321	0.323362	0.312042	0.323162	0.320789	0.320513	0.306446	0.315253	0.300882	0.306203	0.305445	0.305354	0.315030	0.302274	0.298302	0.301481	0.305097	0.309829	0.310934	0.301075	0.302471	0.300346	0.301796	0.296025	0.310236	0.309300	0.300765	0.311447	0.307720	0.308659	0.317125	0.318819	0.324877	0.317848	0.298609	0.312212	0.314306	0.312367	0.315141	0.301571	0.311693	0.298387	0.312783	0.307987	0.314176	0.305735	0.317335	
0.300819	0.000000	0.225873	0.314305	0.163889	0.199731	0.302274	0.310469	0.167673	0.311888	0.309909	0.159244	0.172245	0.278078	0.312456	0.305479	0.320055	0.302987	0.163735	0.310321	0.291723	0.321534	0.304407	0.297757	0.275461	0.315390	0.314637	0.308328	0.306452	0.295640	0.304131	0.287890	0.294441	0.316197	0.303051	0.312628	0.308229	0.297578	0.301636	0.286447	0.318147	0.297757	0.300341	0.297186	0.349898	0.336763	0.357584	0.355463	0.338567	0.357966	0.350902	0.353549	0.312585	0.348656	0.304677	0.304077	0.312195	0.299393	0.311599	0.319256	0.314335	0.303486	0.298222	0.350451	0.313296	0.306964	0.317288	0.309669	0.315577	0.308943	0.307481	0.312542	0.303523	0.330150	0.314305	0.322931	0.333789	0.342068	0.340178	0.341962	0.309408	0.333105	0.341798	0.334935	0.329918	0.309054	0.347411	0.319728	0.339674	0.299315	0.335150	0.323570	0.331030	
0.277164	0.225873	0.000000	0.284112	0.192283	0.199756	0.285762	0.279359	0.204107	0.292392	0.290447	0.198750	0.205502	0.249385	0.285761	0.297447	0.289062	0.297343	0.191574	0.296422	0.292966	0.284138	0.292025	0.297097	0.267818	0.301652	0.307598	0.300312	0.301623	0.293502	0.307245	0.291404	0.285935	0.303050	0.279221	0.298587	0.296025	0.289696	0.306178	0.279820	0.307952	0.295097	0.303180	0.294191	0.322758	0.323020	0.325725	0.319444	0.318725	0.327954	0.323223	0.321429	0.298044	0.323027	0.291253	0.289282	0.301552	0.291566	0.303566	0.290775	0.295775	0.294264	0.291975	0.325618	0.292519	0.298872	0.298262	0.291793	0.294028	0.292138	0.297482	0.293901	0.294962	0.295644	0.292240	0.297472	0.324149	0.314248	0.315150	0.312000	0.289126	0.322904	0.324089	0.318736	0.325871	0.302761	0.323195	0.308264	0.305428	0.295714	0.317208	0.313016	0.317893	
0.295502	0.314305	0.284112	0.000000	0.296261	0.289497	0.288374	0.287658	0.293875	0.294776	0.283359	0.303874	0.292598	0.292171	0.308994	0.286094	0.289418	0.279709	0.288336	0.296057	0.302135	0.294723	0.299063	0.304052	0.290051	0.295509	0.294291	0.297701	0.310549	0.298966	0.292002	0.296556	0.286262	0.286394	0.293995	0.294453	0.288362	0.279091	0.287606	0.294078	0.299927	0.288071	0.282180	0.306524	0.317983	0.323869	0.320142	0.310491	0.318195	0.323153	0.321266	0.315139	0.296759	0.319667	0.300387	0.290225	0.292527	0.304171	0.304477	0.295743	0.304260	0.295515	0.297217	0.314131	0.300215	0.303650	0.297605	0.291933	0.300232	0.300673	0.299851	0.296014	0.301050	0.301475	0.293078	0.302788	0.307943	0.303212	0.304529	0.305140	0.305822	0.311529	0.312221	0.312742	0.305432	0.298770	0.308526	0.296307	0.302720	0.293027	0.307647	0.302755	0.307646	
0.287712	0.163889	0.192283	0.296261	0.000000	0.203022	0.294587	0.294355	0.159375	0.297234	0.302939	0.148868	0.162814	0.254852	0.306814	0.303098	0.304771	0.308633	0.147927	0.303475	0.290679	0.310620	0.305573	0.299361	0.275016	0.307519	0.319108	0.311047	0.315579	0.301977	0.311192	0.305217	0.282173	0.308058	0.289744	0.305977	0.291421	0.294251	0.315022	0.278450	0.310066	0.304030	0.310016	0.294835	0.335335	0.336963	0.332585	0.341184	0.334918	0.345741	0.341855	0.334310	0.316362	0.336755	0.307049	0.303209	0.305718	0.298775	0.310642	0.299412	0.305070	0.302749	0.293967	0.335050	0.305519	0.306793	0.311097	0.300409	0.303106	0.296578	0.308682	0.303203	0.298927	0.308673	0.304080	0.309783	0.339532	0.331074	0.337411	0.335985	0.300097	0.341519	0.346611	0.335594	0.334618	0.315990	0.339911	0.314395	0.330901	0.307350	0.337239	0.330709	0.333333	
0.295549	0.199731	0.199756	0.289497	0.203022	0.000000	0.284725	0.287037	0.191793	0.292859	0.303403	0.200669	0.190627	0.271531	0.290466	0.289482	0.292341	0.292333	0.187873	0.303257	0.301305	0.304719	0.302823	0.303566	0.276376	0.293333	0.300209	0.294278	0.310520	0.296828	0.304840	0.289550	0.296805	0.309846	0.286873	0.301824	0.293791	0.290097	0.289685	0.283249	0.307777	0.296926	0.295699	0.298792	0.326627	0.334334	0.325142	0.330365	0.327197	0.342486	0.329129	0.331300	0.305003	0.327403	0.302171	0.293629	0.300676	0.298560	0.302193	0.302090	0.300000	0.297565	0.298382	0.325334	0.301340	0.306213	0.303344	0.301148	0.298797	0.292075	0.299065	0.295238	0.300089	0.306336	0.291185	0.306171	0.331030	0.320230	0.326376	0.321908	0.302559	0.322532	0.325490	0.331112	0.327004	0.301634	0.328079	0.311544	0.314914	0.302985	0.322562	0.320111	0.318756	
0.149907	0.302274	0.285762	0.288374	0.294587	0.284725	0.000000	0.147029	0.285194	0.292801	0.287176	0.291512	0.295328	0.285195	0.302695	0.291365	0.297551	0.296592	0.292731	0.277815	0.306885	0.301415	0.315253	0.309752	0.284757	0.308745	0.302532	0.304898	0.305155	0.307718	0.297836	0.293212	0.289395	0.287873	0.289325	0.304772	0.299322	0.272515	0.299487	0.310637	0.315243	0.310869	0.297647	0.292266	0.317289	0.326795	0.311465	0.319314	0.312479	0.325254	0.324508	0.322028	0.306724	0.309671	0.314066	0.300236	0.303892	0.301240	0.316052	0.308458	0.305796	0.309840	0.311236	0.312667	0.313176	0.307239	0.310877	0.311438	0.307241	0.307895	0.308128	0.314352	0.310243	0.308355	0.300000	0.314711	0.308613	0.320354	0.322364	0.316694	0.303908	0.305249	0.309103	0.310044	0.315279	0.286515	0.310766	0.302457	0.306096	0.310231	0.301217	0.311905	0.316990	
0.151548	0.310469	0.279359	0.287658	0.294355	0.287037	0.147029	0.000000	0.297436	0.299191	0.291848	0.290111	0.298365	0.275829	0.291709	0.300868	0.297120	0.286120	0.296201	0.285577	0.302193	0.297172	0.304777	0.307692	0.286693	0.306169	0.305743	0.300326	0.298387	0.298939	0.298106	0.287263	0.281681	0.285813	0.289040	0.300261	0.300460	0.278539	0.294151	0.306064	0.300930	0.304445	0.302632	0.286688	0.303339	0.313447	0.314516	0.314906	0.305706	0.315572	0.317492	0.314304	0.302551	0.306898	0.298092	0.306579	0.307895	0.313093	0.310023	0.305895	0.308152	0.304208	0.304725	0.305745	0.309367	0.304486	0.302673	0.301648	0.305722	0.296556	0.308091	0.310919	0.302326	0.307717	0.297782	0.310423	0.318387	0.318026	0.318167	0.314203	0.299902	0.316064	0.318418	0.317708	0.320143	0.283978	0.311980	0.300515	0.308946	0.309837	0.318341	0.312851	0.323860	
0.291943	0.167673	0.204107	0.293875	0.159375	0.191793	0.285194	0.297436	0.000000	0.291075	0.293951	0.152941	0.153100	0.252846	0.293444	0.295352	0.301437	0.302970	0.153278	0.301554	0.295097	0.306048	0.302173	0.299279	0.267477	0.300971	0.305854	0.300727	0.307814	0.306631	0.310530	0.287103	0.293819	0.304124	0.285240	0.301640	0.290025	0.287625	0.321180	0.280203	0.317898	0.310839	0.293011	0.296319	0.331261	0.335137	0.336137	0.344838	0.330455	0.346915	0.344030	0.335581	0.314709	0.342419	0.303598	0.299569	0.303170	0.298705	0.310138	0.305079	0.303990	0.297012	0.299068	0.336175	0.304688	0.308444	0.308902	0.300236	0.297178	0.297651	0.301688	0.303130	0.302608	0.307623	0.302340	0.311165	0.339151	0.325247	0.327394	0.332140	0.302864	0.335255	0.339372	0.335355	0.328313	0.306298	0.335616	0.316942	0.326694	0.303555	0.331554	0.320923	0.324399	
0.298182	0.311888	0.292392	0.294776	0.297234	0.292859	0.292801	0.299191	0.291075	0.000000	0.296284	0.293076	0.299933	0.292245	0.294450	0.287797	0.287689	0.284317	0.293502	0.292483	0.285714	0.288941	0.287594	0.287793	0.283832	0.281180	0.288334	0.283892	0.297378	0.287927	0.301329	0.272480	0.288595	0.303243	0.281319	0.283115	0.290113	0.289633	0.303700	0.288944	0.299885	0.289590	0.303069	0.288260	0.308654	0.313329	0.311869	0.311082	0.308634	0.317827	0.315382	0.313303	0.299077	0.315461	0.291706	0.313144	0.305924	0.287624	0.313608	0.300444	0.295359	0.290568	0.289823	0.313462	0.290121	0.291211	0.295113	0.288384	0.286070	0.293454	0.311408	0.289300	0.293897	0.306625	0.312460	0.297906	0.320862	0.318045	0.311742	0.318512	0.293004	0.319911	0.322724	0.318952	0.319860	0.297544	0.318153	0.306646	0.301443	0.312697	0.318623	0.315858	0.318197	
0.287523	0.309909	0.290447	0.283359	0.302939	0.303403	0.287176	0.291848	0.293951	0.296284	0.000000	0.300871	0.301197	0.283108	0.304579	0.277604	0.270201	0.280097	0.303175	0.290312	0.301851	0.287184	0.298934	0.300882	0.291653	0.283986	0.293195	0.281181	0.309752	0.289823	0.286187	0.303565	0.296308	0.295713	0.298101	0.276282	0.274485	0.292498	0.288535	0.288291	0.285497	0.284635	0.305117	0.279210	0.299095	0.306375	0.311987	0.302513	0.309217	0.302652	0.300711	0.303692	0.305079	0.304718	0.294230	0.312500	0.315772	0.297079	0.315856	0.295981	0.304330	0.289892	0.290903	0.298718	0.295655	0.296100	0.297719	0.294246	0.295744	0.292958	0.317561	0.298685	0.297002	0.319823	0.311502	0.303374	0.309546	0.324523	0.316879	0.317211	0.276726	0.313838	0.315421	0.310940	0.322642	0.298963	0.310280	0.303605	0.309382	0.300347	0.304198	0.314767	0.311348	
0.292275	0.159244	0.198750	0.303874	0.148868	0.200669	0.291512	0.290111	0.152941	0.293076	0.300871	0.000000	0.162939	0.254061	0.288911	0.295567	0.298714	0.304289	0.151791	0.300061	0.306520	0.310074	0.311831	0.307787	0.278694	0.302181	0.311752	0.304753	0.311790	0.310111	0.313004	0.288315	0.295978	0.309539	0.292517	0.313841	0.296343	0.290705	0.316449	0.280097	0.324981	0.312328	0.306229	0.294665	0.332318	0.334671	0.336832	0.334175	0.329358	0.343265	0.340311	0.335213	0.319096	0.340173	0.309502	0.294618	0.303509	0.311346	0.302189	0.315612	0.318220	0.311531	0.307716	0.338553	0.311638	0.315389	0.315260	0.305059	0.304322	0.306166	0.308096	0.312538	0.311226	0.303133	0.301246	0.321715	0.345893	0.332898	0.337792	0.336503	0.302289	0.342572	0.346654	0.332814	0.338915	0.301039	0.338636	0.322362	0.331298	0.311097	0.335466	0.329334	0.339766	
0.288554	0.172245	0.205502	0.292598	0.162814	0.190627	0.295328	0.298365	0.153100	0.299933	0.301197	0.162939	0.000000	0.259048	0.296907	0.302140	0.295151	0.304698	0.146135	0.303098	0.297272	0.304080	0.300730	0.298593	0.271373	0.311348	0.315404	0.300483	0.312019	0.309783	0.304858	0.291409	0.287763	0.307167	0.293910	0.295816	0.290450	0.300324	0.302352	0.282307	0.307071	0.296107	0.302779	0.294288	0.338822	0.336859	0.337708	0.345211	0.329621	0.347126	0.344737	0.332899	0.312018	0.339560	0.305761	0.297803	0.298723	0.303555	0.313442	0.299098	0.308748	0.296678	0.299872	0.338302	0.302588	0.310345	0.305793	0.295619	0.299811	0.301174	0.304894	0.305176	0.300190	0.312460	0.303109	0.311040	0.343740	0.326689	0.340432	0.333440	0.294596	0.339916	0.344495	0.340019	0.338694	0.314050	0.346802	0.319285	0.325079	0.310863	0.333439	0.324041	0.328745	
0.288159	0.278078	0.249385	0.292171	0.254852	0.271531	0.285195	0.275829	0.252846	0.292245	0.283108	0.254061	0.259048	0.000000	0.257686	0.292668	0.300920	0.287970	0.251654	0.292229	0.288909	0.285326	0.296838	0.289663	0.281479	0.289722	0.299790	0.298390	0.292181	0.295373	0.291127	0.259391	0.293517	0.305564	0.264174	0.291031	0.284565	0.278843	0.299090	0.289456	0.296433	0.287043	0.301802	0.280899	0.306778	0.317537	0.323290	0.311111	0.311304	0.318101	0.324651	0.314075	0.290898	0.320364	0.288694	0.297531	0.297406	0.288371	0.308157	0.290259	0.290612	0.291629	0.283995	0.316224	0.295902	0.289200	0.290054	0.291457	0.288876	0.292349	0.302994	0.295292	0.297739	0.303969	0.300855	0.299549	0.329909	0.317455	0.328680	0.318576	0.286677	0.318721	0.326673	0.320341	0.322327	0.304036	0.326952	0.298975	0.306135	0.307162	0.323494	0.315822	0.317930	
0.298568	0.312456	0.285761	0.308994	0.306814	0.290466	0.302695	0.291709	0.293444	0.294450	0.304579	0.288911	0.296907	0.257686	0.000000	0.300287	0.288262	0.299190	0.289230	0.300606	0.303549	0.281162	0.309962	0.314614	0.283403	0.290780	0.305096	0.300677	0.298701	0.314195	0.281676	0.201819	0.298949	0.301123	0.222999	0.311412	0.300459	0.287791	0.310211	0.289865	0.321497	0.312400	0.302741	0.310145	0.324606	0.315655	0.330351	0.317342	0.318239	0.316021	0.321218	0.315619	0.321876	0.315336	0.312339	0.305428	0.309593	0.320678	0.307225	0.321281	0.310903	0.312179	0.307840	0.320554	0.317146	0.310704	0.320253	0.306386	0.301224	0.308082	0.308259	0.310399	0.311174	0.304680	0.306998	0.327811	0.319387	0.321138	0.322923	0.318933	0.295109	0.316112	0.316009	0.325266	0.322529	0.304348	0.316074	0.307004	0.310465	0.302577	0.319203	0.312131	0.327017	
0.291593	0.305479	0.297447	0.286094	0.303098	0.289482	0.291365	0.300868	0.295352	0.287797	0.277604	0.295567	0.302140	0.292668	0.300287	0.000000	0.280551	0.289527	0.300693	0.305664	0.280561	0.293557	0.282135	0.281627	0.286237	0.141538	0.157756	0.144388	0.296355	0.285542	0.296343	0.286548	0.290429	0.296678	0.280532	0.277116	0.279494	0.263634	0.291644	0.284401	0.287199	0.296463	0.304648	0.295702	0.311368	0.317470	0.321611	0.315318	0.312556	0.314167	0.316083	0.321779	0.283424	0.310442	0.280702	0.298673	0.295279	0.284620	0.306184	0.283218	0.287711	0.273799	0.276589	0.315115	0.282140	0.288895	0.286053	0.281832	0.275354	0.282059	0.299758	0.278258	0.278075	0.302521	0.302226	0.288432	0.320846	0.324463	0.319563	0.322561	0.301036	0.313433	0.315247	0.317615	0.309834	0.307899	0.323371	0.314251	0.316920	0.301435	0.319833	0.310782	0.317480	
0.291180	0.320055	0.289062	0.289418	0.304771	0.292341	0.297551	0.297120	0.301437	0.287689	0.270201	0.298714	0.295151	0.300920	0.288262	0.280551	0.000000	0.275780	0.295077	0.283747	0.289578	0.279378	0.288977	0.295524	0.291667	0.284472	0.295197	0.289384	0.305511	0.280589	0.290623	0.289300	0.291781	0.304248	0.298062	0.278882	0.278110	0.298262	0.288410	0.299484	0.282204	0.285060	0.300122	0.282099	0.291503	0.292765	0.302975	0.297779	0.290616	0.299215	0.306507	0.298442	0.296880	0.294455	0.283951	0.306071	0.303718	0.284467	0.303450	0.279520	0.296050	0.286463	0.281116	0.299565	0.295447	0.284804	0.285281	0.288728	0.281588	0.285888	0.307621	0.289714	0.291692	0.310334	0.309776	0.295468	0.317889	0.317081	0.314109	0.314007	0.260666	0.323311	0.321517	0.323411	0.323983	0.289450	0.329068	0.311193	0.317296	0.306141	0.322610	0.316336	0.316121	
0.280409	0.302987	0.297343	0.279709	0.308633	0.292333	0.296592	0.286120	0.302970	0.284317	0.280097	0.304289	0.304698	0.287970	0.299190	0.289527	0.275780	0.000000	0.298959	0.296408	0.283567	0.265842	0.279358	0.289606	0.295377	0.288049	0.292831	0.288488	0.296205	0.280013	0.285865	0.296430	0.300469	0.299433	0.283743	0.295060	0.283241	0.290587	0.295129	0.285820	0.300596	0.286385	0.297851	0.289340	0.297342	0.295447	0.302685	0.302119	0.299465	0.298507	0.303663	0.298639	0.281766	0.301560	0.282043	0.307639	0.302302	0.291680	0.305096	0.287207	0.282985	0.288859	0.274840	0.291879	0.282033	0.280200	0.284379	0.281157	0.278238	0.276197	0.303614	0.289535	0.282811	0.306501	0.306408	0.277610	0.319730	0.326574	0.328591	0.321477	0.283128	0.322899	0.323939	0.317687	0.315861	0.296185	0.319235	0.317418	0.314027	0.311976	0.319291	0.309655	0.329083	
0.294386	0.163735	0.191574	0.288336	0.147927	0.187873	0.292731	0.296201	0.153278	0.293502	0.303175	0.151791	0.146135	0.251654	0.289230	0.300693	0.295077	0.298959	0.000000	0.297387	0.290833	0.304486	0.299761	0.299607	0.274809	0.306988	0.315837	0.306849	0.301082	0.304492	0.308423	0.285343	0.283954	0.298865	0.284067	0.297248	0.292895	0.286980	0.307112	0.272141	0.309111	0.299009	0.298647	0.295599	0.330852	0.331320	0.326389	0.336017	0.323653	0.336107	0.333230	0.328607	0.310376	0.334909	0.304652	0.296159	0.298240	0.300296	0.301117	0.304737	0.304833	0.300939	0.299003	0.330272	0.299467	0.310376	0.309460	0.295232	0.301920	0.296473	0.302791	0.302785	0.298272	0.304713	0.302660	0.308134	0.336361	0.325432	0.329884	0.330036	0.290303	0.329566	0.335053	0.334655	0.327978	0.303257	0.336628	0.315266	0.323477	0.295885	0.324978	0.318491	0.325704	
0.284465	0.310321	0.296422	0.296057	0.303475	0.303257	0.277815	0.285577	0.301554	0.292483	0.290312	0.300061	0.303098	0.292229	0.300606	0.305664	0.283747	0.296408	0.297387	0.000000	0.303444	0.284354	0.306365	0.313007	0.284150	0.305961	0.305049	0.306760	0.299684	0.302040	0.287331	0.295315	0.295699	0.304670	0.284766	0.289017	0.295370	0.291831	0.291153	0.295908	0.313516	0.308819	0.292836	0.304230	0.293491	0.299730	0.303839	0.296399	0.303003	0.303129	0.305959	0.301500	0.311406	0.301404	0.295736	0.294280	0.296182	0.300500	0.301292	0.311448	0.305350	0.306904	0.302885	0.295800	0.306421	0.303111	0.302581	0.304655	0.310588	0.301517	0.291905	0.312221	0.299674	0.296263	0.300820	0.309753	0.306374	0.315335	0.311763	0.310714	0.285453	0.307506	0.318688	0.308739	0.313159	0.278455	0.312240	0.288323	0.302195	0.298837	0.309446	0.300983	0.308615	
0.296167	0.291723	0.292966	0.302135	0.290679	0.301305	0.306885	0.302193	0.295097	0.285714	0.301851	0.306520	0.297272	0.288909	0.303549	0.280561	0.289578	0.283567	0.290833	0.303444	0.000000	0.288609	0.157478	0.151022	0.302184	0.268278	0.284567	0.281495	0.307741	0.158346	0.287723	0.291854	0.304076	0.309417	0.284387	0.300030	0.296444	0.295558	0.310363	0.292173	0.315828	0.302850	0.310642	0.300090	0.315975	0.322196	0.324896	0.320489	0.316209	0.321198	0.319005	0.324742	0.143581	0.322350	0.156548	0.311927	0.312825	0.156595	0.316388	0.158304	0.165927	0.154578	0.143872	0.312085	0.151394	0.156817	0.145571	0.160314	0.150943	0.148419	0.319928	0.153031	0.153285	0.319548	0.310929	0.154029	0.324761	0.314386	0.321611	0.314557	0.287879	0.323680	0.328730	0.323503	0.319952	0.309284	0.321207	0.308289	0.313146	0.312444	0.325869	0.313396	0.311104	
0.309609	0.321534	0.284138	0.294723	0.310620	0.304719	0.301415	0.297172	0.306048	0.288941	0.287184	0.310074	0.304080	0.285326	0.281162	0.293557	0.279378	0.265842	0.304486	0.284354	0.288609	0.000000	0.282687	0.284871	0.309840	0.278261	0.283582	0.288797	0.302988	0.284029	0.293956	0.294388	0.307692	0.287367	0.280781	0.295318	0.290534	0.278771	0.302450	0.283810	0.306469	0.305416	0.295030	0.295486	0.301438	0.293662	0.306926	0.293983	0.298695	0.302691	0.293900	0.300000	0.291439	0.291647	0.282579	0.286574	0.295339	0.301658	0.293904	0.288031	0.285632	0.297641	0.283912	0.297420	0.290602	0.294197	0.298960	0.280395	0.285970	0.291328	0.294360	0.292870	0.292606	0.283704	0.289862	0.295075	0.318907	0.327175	0.318539	0.321072	0.298205	0.312787	0.327206	0.330559	0.320772	0.287066	0.328792	0.300318	0.317914	0.293665	0.314505	0.319269	0.316776	
0.300940	0.304407	0.292025	0.299063	0.305573	0.302823	0.315253	0.304777	0.302173	0.287594	0.298934	0.311831	0.300730	0.296838	0.309962	0.282135	0.288977	0.279358	0.299761	0.306365	0.157478	0.282687	0.000000	0.147885	0.309444	0.277761	0.282570	0.290838	0.313367	0.154484	0.299092	0.294080	0.304348	0.309120	0.295284	0.306642	0.299478	0.295400	0.306002	0.293780	0.318032	0.303960	0.308815	0.301563	0.314984	0.326074	0.319606	0.323646	0.314700	0.323538	0.322968	0.324810	0.154258	0.323712	0.156828	0.310239	0.308116	0.154450	0.311264	0.155865	0.157916	0.158631	0.154370	0.313446	0.156797	0.154996	0.153013	0.142982	0.152951	0.147378	0.314904	0.147821	0.154769	0.309205	0.309185	0.152794	0.331237	0.320659	0.328417	0.321662	0.289569	0.325687	0.330228	0.324503	0.326341	0.307783	0.328495	0.319104	0.314201	0.311646	0.324675	0.318792	0.316707	
0.306044	0.297757	0.297097	0.304052	0.299361	0.303566	0.309752	0.307692	0.299279	0.287793	0.300882	0.307787	0.298593	0.289663	0.314614	0.281627	0.295524	0.289606	0.299607	0.313007	0.151022	0.284871	0.147885	0.000000	0.311063	0.272894	0.281297	0.281459	0.308646	0.154879	0.290782	0.289286	0.298647	0.307246	0.291880	0.305038	0.296067	0.289988	0.310178	0.300000	0.310536	0.303421	0.315695	0.302276	0.313725	0.327311	0.316456	0.320580	0.316811	0.325630	0.326410	0.320245	0.154584	0.320702	0.151834	0.311015	0.310665	0.146377	0.308832	0.147423	0.159773	0.152649	0.149089	0.308631	0.161660	0.164104	0.155503	0.155856	0.147507	0.153164	0.315550	0.155786	0.149307	0.314776	0.316336	0.161387	0.327086	0.318196	0.320182	0.324940	0.288297	0.319732	0.328087	0.326041	0.323752	0.303347	0.323266	0.315552	0.312127	0.317541	0.328167	0.313810	0.317397	
0.285004	0.275461	0.267818	0.290051	0.275016	0.276376	0.284757	0.286693	0.267477	0.283832	0.291653	0.278694	0.271373	0.281479	0.283403	0.286237	0.291667	0.295377	0.274809	0.284150	0.302184	0.309840	0.309444	0.311063	0.000000	0.281607	0.297322	0.291975	0.303244	0.300980	0.292784	0.280408	0.291819	0.294813	0.278547	0.289783	0.292047	0.289157	0.299298	0.301445	0.308614	0.298749	0.297989	0.299630	0.320048	0.325467	0.327929	0.327813	0.317340	0.325694	0.329667	0.324190	0.313231	0.319223	0.302276	0.303762	0.303885	0.305914	0.308824	0.306382	0.311462	0.307905	0.308400	0.318661	0.297778	0.310647	0.306388	0.302438	0.304413	0.308462	0.307338	0.308088	0.308227	0.301006	0.300929	0.318321	0.326687	0.316938	0.316553	0.317311	0.284472	0.314895	0.324308	0.326221	0.321528	0.294510	0.319356	0.295865	0.314736	0.306147	0.321936	0.325698	0.321081	
0.299042	0.315390	0.301652	0.295509	0.307519	0.293333	0.308745	0.306169	0.300971	0.281180	0.283986	0.302181	0.311348	0.289722	0.290780	0.141538	0.284472	0.288049	0.306988	0.305961	0.268278	0.278261	0.277761	0.272894	0.281607	0.000000	0.152038	0.148706	0.294494	0.271978	0.294287	0.281363	0.281583	0.303198	0.268382	0.278328	0.283615	0.265711	0.288671	0.278390	0.290650	0.302403	0.306735	0.286591	0.315663	0.323260	0.322669	0.317699	0.315694	0.314887	0.326422	0.323493	0.283614	0.315321	0.275207	0.298624	0.294944	0.270335	0.299633	0.278000	0.269374	0.269278	0.274588	0.317985	0.279873	0.280301	0.283650	0.271964	0.269058	0.274291	0.299693	0.278064	0.268895	0.301307	0.298148	0.281040	0.323223	0.321324	0.314786	0.319575	0.287968	0.312673	0.321045	0.313695	0.312194	0.306295	0.318375	0.309008	0.311252	0.308859	0.318333	0.304321	0.314125	
0.307773	0.314637	0.307598	0.294291	0.319108	0.300209	0.302532	0.305743	0.305854	0.288334	0.293195	0.311752	0.315404	0.299790	0.305096	0.157756	0.295197	0.292831	0.315837	0.305049	0.284567	0.283582	0.282570	0.281297	0.297322	0.152038	0.000000	0.148027	0.302752	0.282367	0.293136	0.294652	0.299790	0.305860	0.281363	0.283364	0.274884	0.259537	0.289730	0.290619	0.286667	0.292552	0.310200	0.290157	0.319325	0.312406	0.321343	0.322451	0.314490	0.321904	0.327048	0.324357	0.290536	0.317584	0.277610	0.300493	0.300523	0.283152	0.306675	0.283553	0.289700	0.279904	0.281381	0.314860	0.288167	0.287489	0.285164	0.283947	0.275132	0.282280	0.302747	0.286224	0.284741	0.301644	0.298997	0.285456	0.326807	0.328110	0.321721	0.323591	0.303040	0.318044	0.323565	0.322414	0.316440	0.314005	0.327874	0.316011	0.321046	0.315648	0.331157	0.317231	0.321935	
0.302094	0.308328	0.300312	0.297701	0.311047	0.294278	0.304898	0.300326	0.300727	0.283892	0.281181	0.304753	0.300483	0.298390	0.300677	0.144388	0.289384	0.288488	0.306849	0.306760	0.281495	0.288797	0.290838	0.281459	0.291975	0.148706	0.148027	0.000000	0.302594	0.285801	0.297478	0.290969	0.294082	0.299349	0.279560	0.285318	0.286872	0.263750	0.299401	0.287577	0.297864	0.300880	0.307576	0.291488	0.310738	0.307084	0.316429	0.313084	0.310595	0.312650	0.316103	0.314436	0.287721	0.308302	0.278949	0.304077	0.297255	0.288611	0.307763	0.286332	0.288549	0.282967	0.284714	0.316049	0.288109	0.293217	0.289189	0.288955	0.285033	0.289877	0.308446	0.293550	0.285929	0.306271	0.305846	0.294567	0.328755	0.324968	0.320356	0.327289	0.302490	0.317148	0.324077	0.319155	0.317780	0.307089	0.325588	0.315277	0.320675	0.300786	0.327519	0.316589	0.320596	
0.299340	0.306452	0.301623	0.310549	0.315579	0.310520	0.305155	0.298387	0.307814	0.297378	0.309752	0.311790	0.312019	0.292181	0.298701	0.296355	0.305511	0.296205	0.301082	0.299684	0.307741	0.302988	0.313367	0.308646	0.303244	0.294494	0.302752	0.302594	0.000000	0.298953	0.307388	0.278375	0.303299	0.296084	0.279122	0.299936	0.298405	0.300224	0.307056	0.313843	0.315992	0.305370	0.299494	0.300288	0.318182	0.324333	0.326466	0.325446	0.314961	0.321965	0.327564	0.317183	0.315605	0.320092	0.311465	0.306441	0.293126	0.305989	0.308646	0.308273	0.310447	0.314050	0.305961	0.316448	0.304974	0.313461	0.307111	0.305530	0.300156	0.312206	0.308429	0.304621	0.309091	0.309546	0.305958	0.307154	0.323876	0.320698	0.317877	0.319028	0.304839	0.315367	0.321850	0.323699	0.316863	0.305389	0.318483	0.301144	0.315176	0.314956	0.319270	0.312154	0.319779	
0.307989	0.295640	0.293502	0.298966	0.301977	0.296828	0.307718	0.298939	0.306631	0.287927	0.289823	0.310111	0.309783	0.295373	0.314195	0.285542	0.280589	0.280013	0.304492	0.302040	0.158346	0.284029	0.154484	0.154879	0.300980	0.271978	0.282367	0.285801	0.298953	0.000000	0.305336	0.302794	0.306767	0.303255	0.293708	0.301223	0.298512	0.297586	0.312030	0.305338	0.310906	0.302912	0.309381	0.303187	0.318384	0.325189	0.320181	0.319037	0.316906	0.320190	0.320000	0.327708	0.152096	0.322763	0.154354	0.313368	0.304912	0.151320	0.315296	0.152294	0.163232	0.157974	0.156092	0.307645	0.153086	0.154867	0.151077	0.157709	0.147128	0.153914	0.318196	0.147731	0.154594	0.318906	0.315211	0.148547	0.328800	0.321909	0.323413	0.316562	0.287244	0.318417	0.333434	0.335360	0.322639	0.301583	0.326158	0.319361	0.319200	0.319136	0.325290	0.317397	0.314975	
0.301325	0.304131	0.307245	0.292002	0.311192	0.304840	0.297836	0.298106	0.310530	0.301329	0.286187	0.313004	0.304858	0.291127	0.281676	0.296343	0.290623	0.285865	0.308423	0.287331	0.287723	0.293956	0.299092	0.290782	0.292784	0.294287	0.293136	0.297478	0.307388	0.305336	0.000000	0.277370	0.306528	0.299797	0.278959	0.290612	0.295839	0.249364	0.299278	0.298060	0.306036	0.296658	0.293636	0.299555	0.313200	0.314493	0.319887	0.311672	0.306103	0.322340	0.316526	0.313644	0.307202	0.310820	0.292078	0.308490	0.309455	0.297272	0.307425	0.302326	0.296044	0.293136	0.290852	0.309577	0.305403	0.298782	0.297999	0.294099	0.295941	0.296123	0.310454	0.296714	0.297002	0.305389	0.315874	0.303673	0.302752	0.309323	0.311862	0.307910	0.289971	0.308626	0.319061	0.312340	0.302193	0.312128	0.318882	0.301167	0.303667	0.309576	0.319162	0.302077	0.313738	
0.294934	0.287890	0.291404	0.296556	0.305217	0.289550	0.293212	0.287263	0.287103	0.272480	0.303565	0.288315	0.291409	0.259391	0.201819	0.286548	0.289300	0.296430	0.285343	0.295315	0.291854	0.294388	0.294080	0.289286	0.280408	0.281363	0.294652	0.290969	0.278375	0.302794	0.277370	0.000000	0.286917	0.300244	0.221571	0.290939	0.293253	0.279330	0.317045	0.286900	0.301694	0.300130	0.296789	0.305828	0.310433	0.310613	0.323577	0.306339	0.298392	0.318618	0.316600	0.310766	0.305029	0.312793	0.294175	0.302496	0.314711	0.301020	0.312317	0.305936	0.293029	0.290010	0.295948	0.310850	0.296565	0.301511	0.300837	0.287540	0.290405	0.287323	0.316596	0.297646	0.299101	0.310780	0.308451	0.308670	0.322560	0.312607	0.307089	0.309555	0.289482	0.308071	0.312765	0.314754	0.310559	0.297515	0.307817	0.287196	0.295987	0.300745	0.315959	0.306769	0.315528	
0.283217	0.294441	0.285935	0.286262	0.282173	0.296805	0.289395	0.281681	0.293819	0.288595	0.296308	0.295978	0.287763	0.293517	0.298949	0.290429	0.291781	0.300469	0.283954	0.295699	0.304076	0.307692	0.304348	0.298647	0.291819	0.281583	0.299790	0.294082	0.303299	0.306767	0.306528	0.286917	0.000000	0.303324	0.280628	0.290959	0.276117	0.294100	0.287854	0.295908	0.295888	0.293345	0.298146	0.292006	0.311315	0.309495	0.311692	0.305419	0.312593	0.322199	0.316049	0.311887	0.304322	0.304783	0.298246	0.311036	0.304281	0.305245	0.314174	0.305766	0.301027	0.307762	0.299428	0.310408	0.307716	0.308697	0.310867	0.299705	0.302914	0.305837	0.307041	0.302353	0.297418	0.307554	0.310177	0.308713	0.322125	0.325232	0.309019	0.320215	0.290588	0.329087	0.327701	0.329294	0.320675	0.295988	0.322321	0.310066	0.318871	0.295434	0.325823	0.315094	0.318448	
0.284974	0.316197	0.303050	0.286394	0.308058	0.309846	0.287873	0.285813	0.304124	0.303243	0.295713	0.309539	0.307167	0.305564	0.301123	0.296678	0.304248	0.299433	0.298865	0.304670	0.309417	0.287367	0.309120	0.307246	0.294813	0.303198	0.305860	0.299349	0.296084	0.303255	0.299797	0.300244	0.303324	0.000000	0.294383	0.295306	0.295710	0.291938	0.304202	0.303468	0.302181	0.301259	0.305556	0.286593	0.311523	0.313611	0.320761	0.320711	0.304013	0.318573	0.327063	0.319503	0.315193	0.310264	0.294652	0.296309	0.291956	0.301779	0.304447	0.301637	0.301628	0.305267	0.308733	0.309961	0.300704	0.303253	0.307864	0.295577	0.300730	0.304028	0.303444	0.307298	0.306488	0.303814	0.300688	0.303997	0.315670	0.318337	0.320351	0.329370	0.304662	0.314146	0.320675	0.315978	0.316010	0.297886	0.318794	0.309655	0.316768	0.326031	0.323858	0.305163	0.308303	
0.290595	0.303051	0.279221	0.293995	0.289744	0.286873	0.289325	0.289040	0.285240	0.281319	0.298101	0.292517	0.293910	0.264174	0.222999	0.280532	0.298062	0.283743	0.284067	0.284766	0.284387	0.280781	0.295284	0.291880	0.278547	0.268382	0.281363	0.279560	0.279122	0.293708	0.278959	0.221571	0.280628	0.294383	0.000000	0.299878	0.298628	0.273562	0.314607	0.289169	0.309797	0.310522	0.294934	0.299878	0.308152	0.320121	0.322639	0.310174	0.313401	0.317328	0.311664	0.316502	0.293187	0.310649	0.291552	0.304874	0.308194	0.300504	0.308042	0.295169	0.297220	0.294136	0.287879	0.309582	0.294025	0.292252	0.293959	0.297056	0.286053	0.291329	0.305564	0.289624	0.297370	0.313198	0.302640	0.305640	0.312557	0.306975	0.307341	0.310998	0.294136	0.305437	0.308184	0.310914	0.311665	0.292881	0.315695	0.301995	0.303566	0.299006	0.311770	0.298822	0.312403	
0.306281	0.312628	0.298587	0.294453	0.305977	0.301824	0.304772	0.300261	0.301640	0.283115	0.276282	0.313841	0.295816	0.291031	0.311412	0.277116	0.278882	0.295060	0.297248	0.289017	0.300030	0.295318	0.306642	0.305038	0.289783	0.278328	0.283364	0.285318	0.299936	0.301223	0.290612	0.290939	0.290959	0.295306	0.299878	0.000000	0.143120	0.278876	0.149444	0.297741	0.149635	0.158431	0.299361	0.236987	0.314217	0.313323	0.323242	0.309449	0.312405	0.311673	0.311048	0.313860	0.305419	0.319237	0.298278	0.303790	0.315955	0.296374	0.317889	0.301736	0.297599	0.301504	0.302418	0.316816	0.293032	0.305530	0.302024	0.301711	0.299970	0.302030	0.308165	0.300515	0.303652	0.310134	0.312191	0.308824	0.314085	0.315362	0.314541	0.316510	0.280881	0.320209	0.320245	0.322521	0.319351	0.289609	0.321309	0.306116	0.303663	0.305843	0.319059	0.309449	0.309987	
0.293548	0.308229	0.296025	0.288362	0.291421	0.293791	0.299322	0.300460	0.290025	0.290113	0.274485	0.296343	0.290450	0.284565	0.300459	0.279494	0.278110	0.283241	0.292895	0.295370	0.296444	0.290534	0.299478	0.296067	0.292047	0.283615	0.274884	0.286872	0.298405	0.298512	0.295839	0.293253	0.276117	0.295710	0.298628	0.143120	0.000000	0.276045	0.165418	0.295139	0.137918	0.135152	0.297289	0.243478	0.308585	0.310911	0.321152	0.310465	0.313231	0.317863	0.312480	0.317150	0.304673	0.317670	0.293184	0.292288	0.300573	0.291009	0.307429	0.296284	0.300167	0.298507	0.297708	0.312716	0.289068	0.294280	0.298042	0.299148	0.293921	0.297579	0.292341	0.300860	0.291437	0.301052	0.305573	0.305754	0.324333	0.318419	0.321696	0.321231	0.278704	0.328442	0.329907	0.328656	0.324853	0.286855	0.325860	0.315773	0.316355	0.299600	0.327824	0.317565	0.318946	
0.272210	0.297578	0.289696	0.279091	0.294251	0.290097	0.272515	0.278539	0.287625	0.289633	0.292498	0.290705	0.300324	0.278843	0.287791	0.263634	0.298262	0.290587	0.286980	0.291831	0.295558	0.278771	0.295400	0.289988	0.289157	0.265711	0.259537	0.263750	0.300224	0.297586	0.249364	0.279330	0.294100	0.291938	0.273562	0.278876	0.276045	0.000000	0.284943	0.290389	0.288167	0.288228	0.297297	0.285845	0.316817	0.317586	0.314668	0.318537	0.315582	0.324324	0.320251	0.315708	0.300061	0.311174	0.295455	0.291914	0.302879	0.291268	0.302169	0.299499	0.292531	0.290006	0.289731	0.321462	0.300317	0.287865	0.298494	0.293589	0.296440	0.287696	0.299326	0.296162	0.301415	0.293439	0.291885	0.294370	0.301869	0.308290	0.304762	0.313541	0.299042	0.303395	0.303495	0.312500	0.296569	0.296408	0.301453	0.295676	0.296554	0.302030	0.311426	0.296285	0.305599	
0.288146	0.301636	0.306178	0.287606	0.315022	0.289685	0.299487	0.294151	0.321180	0.303700	0.288535	0.316449	0.302352	0.299090	0.310211	0.291644	0.288410	0.295129	0.307112	0.291153	0.310363	0.302450	0.306002	0.310178	0.299298	0.288671	0.289730	0.299401	0.307056	0.312030	0.299278	0.317045	0.287854	0.304202	0.314607	0.149444	0.165418	0.284943	0.000000	0.298963	0.164303	0.151292	0.286098	0.244099	0.308466	0.320000	0.339056	0.317178	0.319659	0.311076	0.317245	0.323799	0.304700	0.326564	0.303341	0.297988	0.318777	0.303401	0.307858	0.314877	0.315078	0.308609	0.302589	0.325794	0.307947	0.306952	0.323891	0.319149	0.311536	0.310326	0.288410	0.312700	0.308267	0.303811	0.301407	0.313736	0.304418	0.314930	0.311422	0.318304	0.290780	0.319241	0.312195	0.300760	0.313947	0.299247	0.315451	0.304254	0.302512	0.313169	0.316604	0.310781	0.312466	
0.300311	0.286447	0.279820	0.294078	0.278450	0.283249	0.310637	0.306064	0.280203	0.288944	0.288291	0.280097	0.282307	0.289456	0.289865	0.284401	0.299484	0.285820	0.272141	0.295908	0.292173	0.283810	0.293780	0.300000	0.301445	0.278390	0.290619	0.287577	0.313843	0.305338	0.298060	0.286900	0.295908	0.303468	0.289169	0.297741	0.295139	0.290389	0.298963	0.000000	0.296535	0.296510	0.303051	0.302906	0.317907	0.322811	0.333333	0.321170	0.328504	0.320054	0.313732	0.327953	0.300341	0.322093	0.286348	0.297813	0.303806	0.302411	0.307065	0.304348	0.302242	0.295423	0.299966	0.318569	0.297193	0.300269	0.304318	0.294769	0.305351	0.299391	0.310321	0.294794	0.303674	0.301695	0.313145	0.304981	0.314840	0.323974	0.321318	0.316271	0.302853	0.316798	0.328893	0.315609	0.319795	0.294058	0.310916	0.315395	0.313448	0.298745	0.310693	0.304484	0.321341	
0.308323	0.318147	0.307952	0.299927	0.310066	0.307777	0.315243	0.300930	0.317898	0.299885	0.285497	0.324981	0.307071	0.296433	0.321497	0.287199	0.282204	0.300596	0.309111	0.313516	0.315828	0.306469	0.318032	0.310536	0.308614	0.290650	0.286667	0.297864	0.315992	0.310906	0.306036	0.301694	0.295888	0.302181	0.309797	0.149635	0.137918	0.288167	0.164303	0.296535	0.000000	0.137731	0.304139	0.252309	0.331629	0.324565	0.333456	0.321602	0.324156	0.323251	0.320840	0.324850	0.318486	0.326220	0.305494	0.307227	0.318285	0.309316	0.316103	0.311597	0.320286	0.313544	0.317208	0.323749	0.318841	0.318548	0.314862	0.319591	0.315732	0.313761	0.306920	0.313971	0.315229	0.310485	0.318233	0.319000	0.335181	0.331524	0.342751	0.332721	0.290589	0.340052	0.337793	0.328849	0.337412	0.301214	0.338365	0.307180	0.324265	0.318366	0.337734	0.327795	0.327807	
0.309199	0.297757	0.295097	0.288071	0.304030	0.296926	0.310869	0.304445	0.310839	0.289590	0.284635	0.312328	0.296107	0.287043	0.312400	0.296463	0.285060	0.286385	0.299009	0.308819	0.302850	0.305416	0.303960	0.303421	0.298749	0.302403	0.292552	0.300880	0.305370	0.302912	0.296658	0.300130	0.293345	0.301259	0.310522	0.158431	0.135152	0.288228	0.151292	0.296510	0.137731	0.000000	0.306567	0.255723	0.321386	0.324617	0.327426	0.322551	0.321737	0.325355	0.319814	0.322620	0.304348	0.328746	0.300815	0.300800	0.313483	0.299412	0.312970	0.299244	0.310711	0.296922	0.296786	0.323780	0.294191	0.298339	0.305341	0.305924	0.304118	0.302823	0.304584	0.298868	0.302905	0.313174	0.310922	0.315266	0.328924	0.332375	0.326067	0.328363	0.291717	0.332929	0.336652	0.332626	0.335441	0.294205	0.337099	0.316832	0.318466	0.317626	0.335407	0.322987	0.321220	
0.304515	0.300341	0.303180	0.282180	0.310016	0.295699	0.297647	0.302632	0.293011	0.303069	0.305117	0.306229	0.302779	0.301802	0.302741	0.304648	0.300122	0.297851	0.298647	0.292836	0.310642	0.295030	0.308815	0.315695	0.297989	0.306735	0.310200	0.307576	0.299494	0.309381	0.293636	0.296789	0.298146	0.305556	0.294934	0.299361	0.297289	0.297297	0.286098	0.303051	0.304139	0.306567	0.000000	0.299336	0.319218	0.324219	0.322523	0.323674	0.323722	0.328706	0.330550	0.325667	0.318209	0.314803	0.301967	0.294118	0.290511	0.307420	0.299127	0.318047	0.314899	0.311198	0.308850	0.317185	0.315937	0.313056	0.314633	0.309440	0.311268	0.311217	0.294686	0.313842	0.312370	0.299611	0.299665	0.313329	0.275593	0.261617	0.269578	0.268728	0.308443	0.272645	0.274315	0.268742	0.266347	0.293523	0.265439	0.267648	0.262300	0.219215	0.264140	0.259430	0.270080	
0.288952	0.297186	0.294191	0.306524	0.294835	0.298792	0.292266	0.286688	0.296319	0.288260	0.279210	0.294665	0.294288	0.280899	0.310145	0.295702	0.282099	0.289340	0.295599	0.304230	0.300090	0.295486	0.301563	0.302276	0.299630	0.286591	0.290157	0.291488	0.300288	0.303187	0.299555	0.305828	0.292006	0.286593	0.299878	0.236987	0.243478	0.285845	0.244099	0.302906	0.252309	0.255723	0.299336	0.000000	0.310799	0.312481	0.321993	0.314526	0.315584	0.321983	0.319275	0.316605	0.299390	0.311315	0.294351	0.311236	0.311236	0.296164	0.318210	0.299900	0.296621	0.305395	0.295689	0.318560	0.300567	0.305755	0.310138	0.301370	0.288050	0.300901	0.311165	0.301836	0.303293	0.309509	0.310865	0.303593	0.322483	0.323767	0.328847	0.317949	0.285057	0.321691	0.315725	0.318934	0.320560	0.294241	0.320698	0.316333	0.317007	0.303679	0.310273	0.311801	0.323154	
0.314693	0.349898	0.322758	0.317983	0.335335	0.326627	0.317289	0.303339	0.331261	0.308654	0.299095	0.332318	0.338822	0.306778	0.324606	0.311368	0.291503	0.297342	0.330852	0.293491	0.315975	0.301438	0.314984	0.313725	0.320048	0.315663	0.319325	0.310738	0.318182	0.318384	0.313200	0.310433	0.311315	0.311523	0.308152	0.314217	0.308585	0.316817	0.308466	0.317907	0.331629	0.321386	0.319218	0.310799	0.000000	0.167206	0.153688	0.151433	0.160631	0.157971	0.164093	0.167717	0.316198	0.168962	0.310386	0.324604	0.319915	0.320326	0.325990	0.312704	0.320747	0.315334	0.312705	0.163381	0.317676	0.317488	0.319530	0.311552	0.311991	0.314412	0.326061	0.317807	0.310850	0.323852	0.326100	0.322004	0.342168	0.341656	0.334431	0.332055	0.283951	0.341742	0.343787	0.338734	0.335721	0.265942	0.344828	0.316711	0.325287	0.335301	0.337933	0.333637	0.337603	
0.323374	0.336763	0.323020	0.323869	0.336963	0.334334	0.326795	0.313447	0.335137	0.313329	0.306375	0.334671	0.336859	0.317537	0.315655	0.317470	0.292765	0.295447	0.331320	0.299730	0.322196	0.293662	0.326074	0.327311	0.325467	0.323260	0.312406	0.307084	0.324333	0.325189	0.314493	0.310613	0.309495	0.313611	0.320121	0.313323	0.310911	0.317586	0.320000	0.322811	0.324565	0.324617	0.324219	0.312481	0.167206	0.000000	0.159382	0.168347	0.166025	0.170488	0.175369	0.165653	0.327477	0.169612	0.325645	0.323239	0.330658	0.327037	0.337258	0.328042	0.331422	0.324161	0.324186	0.168536	0.326658	0.320822	0.323013	0.324164	0.324572	0.323881	0.329494	0.329743	0.331845	0.331633	0.330687	0.326074	0.337871	0.335240	0.331316	0.330737	0.280061	0.331811	0.340703	0.327785	0.328507	0.283542	0.333831	0.314079	0.324292	0.331934	0.333532	0.324333	0.326581	
0.317321	0.357584	0.325725	0.320142	0.332585	0.325142	0.311465	0.314516	0.336137	0.311869	0.311987	0.336832	0.337708	0.323290	0.330351	0.321611	0.302975	0.302685	0.326389	0.303839	0.324896	0.306926	0.319606	0.316456	0.327929	0.322669	0.321343	0.316429	0.326466	0.320181	0.319887	0.323577	0.311692	0.320761	0.322639	0.323242	0.321152	0.314668	0.339056	0.333333	0.333456	0.327426	0.322523	0.321993	0.153688	0.159382	0.000000	0.167834	0.165092	0.160940	0.164785	0.171671	0.325152	0.163732	0.317879	0.328797	0.330655	0.325952	0.335751	0.322039	0.341114	0.323165	0.321278	0.175990	0.317356	0.322935	0.326786	0.320225	0.320543	0.323705	0.336868	0.327468	0.321545	0.332131	0.335883	0.322863	0.351857	0.349521	0.334848	0.339110	0.289811	0.348038	0.347445	0.339909	0.342391	0.269884	0.343983	0.329221	0.330845	0.346327	0.344355	0.339385	0.340629	
