1.048413	-0.007781	0.047772	0.015564	0.033917	-0.000825	0.485742	0.489103	0.000606	0.032417	0.024163	0.008490	0.021605	0.028015	0.038374	0.004162	0.017830	0.039569	0.012161	0.042013	-0.054777	-0.019023	-0.067115	-0.083854	0.069446	-0.028895	-0.020480	-0.005345	0.023104	-0.077875	-0.003553	0.018491	0.077365	0.076022	0.032957	-0.025837	0.016152	0.073003	0.033096	0.000642	0.005265	-0.016443	-0.032661	0.032647	-0.044081	-0.055763	-0.036302	-0.055694	-0.039581	-0.052211	-0.037945	-0.049856	-0.072338	-0.050200	-0.075359	-0.003534	-0.011330	-0.075522	-0.021434	-0.061253	-0.061734	-0.069377	-0.089394	-0.029693	-0.095517	-0.066339	-0.069012	-0.068781	-0.075129	-0.060636	-0.016768	-0.093321	-0.068196	-0.015123	-0.014195	-0.070215	-0.039439	-0.063354	-0.076366	-0.064759	-0.019268	-0.045920	-0.044595	-0.044830	-0.043609	-0.002988	-0.040123	0.024805	-0.056743	-0.009677	-0.044947	-0.043293	-0.068429	
-0.007781	1.079612	0.307193	-0.015719	0.550129	0.377244	-0.000128	-0.018801	0.479626	-0.017129	-0.012387	0.483528	0.451996	0.093309	0.000886	-0.034068	-0.051514	-0.013566	0.493116	-0.022680	-0.043717	-0.064745	-0.076790	-0.050086	0.089338	-0.033891	-0.038483	-0.031696	0.042095	-0.052877	-0.004127	0.012597	0.056928	-0.002172	-0.025808	-0.035152	-0.030216	-0.008180	0.009557	0.078054	-0.019116	0.030912	-0.000250	0.001922	-0.117871	-0.103363	-0.120779	-0.126887	-0.105398	-0.120634	-0.112034	-0.116193	-0.078381	-0.133439	-0.077657	0.004469	-0.024230	-0.069216	-0.020074	-0.105238	-0.094845	-0.071999	-0.068048	-0.121396	-0.085569	-0.076310	-0.087839	-0.088458	-0.092849	-0.083575	-0.012994	-0.089015	-0.063394	-0.047506	-0.009028	-0.099045	-0.101161	-0.102234	-0.099551	-0.105053	-0.036836	-0.095278	-0.117835	-0.107325	-0.094251	-0.007245	-0.113921	-0.045484	-0.105456	0.018132	-0.100582	-0.090137	-0.088159	
0.047772	0.307193	0.976136	0.034609	0.332957	0.287188	0.024663	0.042150	0.271975	0.003904	0.018722	0.322849	0.278526	0.123778	0.037663	-0.038223	0.000565	-0.022274	0.333368	-0.003012	-0.065745	0.009696	-0.060186	-0.074239	0.080944	-0.048032	-0.045015	-0.032103	0.016471	-0.064759	-0.026991	-0.009228	0.021452	-0.019143	0.034371	-0.025214	-0.022176	-0.011831	-0.044535	0.048414	-0.023783	0.005500	-0.031134	-0.003767	-0.089813	-0.081359	-0.085969	-0.076776	-0.074161	-0.085687	-0.077579	-0.067990	-0.067043	-0.081364	-0.067317	0.027006	-0.022659	-0.059720	-0.013686	-0.059109	-0.067940	-0.079209	-0.071778	-0.091380	-0.062602	-0.084742	-0.081219	-0.069850	-0.075809	-0.068525	0.002083	-0.073174	-0.069115	-0.001596	0.016242	-0.065656	-0.077267	-0.052391	-0.057622	-0.057080	-0.000049	-0.077400	-0.078232	-0.069054	-0.086170	-0.022391	-0.075748	-0.028005	-0.047558	0.006903	-0.064908	-0.075539	-0.071932	
0.015564	-0.015719	0.034609	1.043864	0.019759	0.030714	0.046581	0.041335	0.013037	0.019145	0.040856	-0.002067	0.033825	0.013091	-0.000646	0.022958	0.022509	0.055071	0.026174	0.026923	-0.077470	0.029355	-0.054868	-0.077975	0.064185	-0.009693	0.002448	-0.015539	0.005624	-0.067389	0.037081	0.007123	0.084899	0.059905	0.009696	-0.001354	0.016477	0.061716	0.043886	0.022462	0.035292	0.049507	0.056637	-0.005906	-0.052074	-0.060219	-0.034978	-0.027067	-0.055189	-0.049812	-0.052218	-0.021985	-0.052090	-0.036977	-0.075246	0.027288	-0.000768	-0.078425	-0.005874	-0.048381	-0.068492	-0.056064	-0.069046	-0.038271	-0.068936	-0.073354	-0.061571	-0.048811	-0.072042	-0.073261	0.003595	-0.057356	-0.075057	-0.003333	0.023952	-0.067987	-0.029082	-0.023034	-0.010843	-0.015971	-0.035776	-0.037934	-0.041591	-0.036198	-0.027680	-0.000074	-0.027788	0.034321	-0.022525	0.035222	-0.034785	-0.027040	-0.027244	
0.033917	0.550129	0.332957	0.019759	1.123080	0.333440	0.034538	0.022037	0.476268	0.006785	-0.003019	0.551315	0.443415	0.144067	0.004520	-0.033329	-0.026543	-0.038940	0.479004	0.008077	-0.055011	-0.036292	-0.080060	-0.068530	0.095691	-0.041082	-0.059877	-0.042967	-0.006113	-0.071148	-0.015054	-0.025157	0.051535	-0.010957	0.021217	-0.017955	0.015493	-0.008562	-0.037493	0.073735	-0.019298	-0.006321	-0.043534	0.025880	-0.092490	-0.099173	-0.086533	-0.109990	-0.089613	-0.109363	-0.101194	-0.078245	-0.103114	-0.098756	-0.093669	-0.021056	-0.027901	-0.065168	-0.029155	-0.065807	-0.076632	-0.084947	-0.065222	-0.099315	-0.079378	-0.085753	-0.095956	-0.073081	-0.080914	-0.072210	-0.027249	-0.077322	-0.071650	-0.019799	-0.005830	-0.082840	-0.110764	-0.089821	-0.109737	-0.109701	-0.013345	-0.123613	-0.125216	-0.107221	-0.109008	-0.044644	-0.115801	-0.040493	-0.100967	-0.011398	-0.106079	-0.105491	-0.108885	
-0.000825	0.377244	0.287188	0.030714	0.333440	1.037116	0.049770	0.021399	0.374171	0.021008	-0.018460	0.339383	0.350478	0.094306	0.048841	-0.006355	0.007010	-0.004831	0.347773	0.003187	-0.075992	-0.040404	-0.073534	-0.084206	0.084944	-0.012004	-0.017578	-0.008192	-0.012447	-0.066801	-0.002533	0.019185	-0.000016	-0.022735	0.022312	-0.019188	0.002139	0.009553	0.010857	0.060631	-0.019769	0.011641	0.013037	0.012378	-0.085055	-0.104130	-0.072750	-0.088798	-0.084489	-0.110048	-0.085100	-0.081328	-0.083746	-0.085285	-0.090267	0.011881	-0.011712	-0.069304	-0.000946	-0.077913	-0.077780	-0.075134	-0.074076	-0.083619	-0.074870	-0.083453	-0.080437	-0.080542	-0.073747	-0.059280	-0.005089	-0.064453	-0.078333	-0.018153	0.022151	-0.078939	-0.098974	-0.071654	-0.088310	-0.074199	-0.021349	-0.083860	-0.085156	-0.102041	-0.097757	-0.019164	-0.099399	-0.046099	-0.068898	0.002587	-0.080706	-0.088492	-0.072980	
0.485742	-0.000128	0.024663	0.046581	0.034538	0.049770	1.016375	0.494540	0.037605	0.034695	0.029718	0.028976	0.014400	0.030344	0.017203	0.002766	0.012247	0.000658	0.012157	0.067222	-0.080192	-0.001444	-0.103948	-0.084794	0.045911	-0.043728	-0.004027	-0.009667	0.010545	-0.079695	0.024092	0.010106	0.072417	0.066751	0.019943	-0.030896	-0.004498	0.074887	-0.002292	-0.024271	0.006915	-0.015195	0.008508	0.043579	-0.044215	-0.050656	-0.015794	-0.043639	-0.035695	-0.042580	-0.049494	-0.038763	-0.072261	-0.022932	-0.097435	-0.008872	-0.009582	-0.057342	-0.035719	-0.073723	-0.076249	-0.093675	-0.092587	-0.031241	-0.098107	-0.084762	-0.088325	-0.096223	-0.090026	-0.090080	-0.006194	-0.097805	-0.088135	-0.009067	0.010063	-0.090645	-0.007659	-0.065791	-0.057150	-0.054690	-0.030139	-0.012211	-0.025840	-0.043324	-0.050023	0.034955	-0.034480	0.008885	-0.038710	-0.016281	-0.000870	-0.049032	-0.056350	
0.489103	-0.018801	0.042150	0.041335	0.022037	0.021399	0.494540	0.995620	-0.002801	0.018715	0.024418	0.028780	0.014707	0.056667	0.040492	-0.018285	0.000949	0.036964	0.012904	0.030364	-0.076466	0.008524	-0.079810	-0.082598	0.042951	-0.034086	-0.031810	0.004506	0.032078	-0.068864	0.013703	0.024131	0.088319	0.052146	0.021363	0.004740	-0.002447	0.036510	0.035662	-0.011012	0.025099	0.008812	-0.027358	0.053617	-0.009654	-0.030945	-0.028053	-0.039740	-0.025277	-0.016095	-0.042588	-0.030320	-0.063774	-0.013109	-0.067321	-0.026218	-0.033930	-0.089542	-0.020911	-0.073094	-0.084031	-0.083353	-0.081911	-0.010772	-0.091687	-0.079877	-0.071149	-0.073047	-0.086499	-0.068345	-0.019041	-0.096127	-0.069247	-0.019680	0.003204	-0.084887	-0.052827	-0.058888	-0.052870	-0.051918	-0.014401	-0.051486	-0.053408	-0.054214	-0.065237	0.036428	-0.038590	0.013534	-0.051838	-0.015162	-0.053635	-0.050228	-0.076358	
0.000606	0.479626	0.271975	0.013037	0.476268	0.374171	0.037605	-0.002801	1.070402	0.024545	0.007123	0.494308	0.494854	0.142289	0.029190	-0.022938	-0.009963	-0.033523	0.452179	0.002561	-0.062521	-0.044279	-0.079339	-0.069531	0.103884	-0.023543	-0.039469	-0.022573	0.006017	-0.092099	-0.016154	0.023988	0.018035	0.001551	0.019986	-0.014083	0.018049	0.023508	-0.060689	0.072973	-0.045638	-0.021158	0.012839	0.015344	-0.093421	-0.090132	-0.094811	-0.119034	-0.075578	-0.118344	-0.117149	-0.083309	-0.104413	-0.108801	-0.087343	-0.015593	-0.027078	-0.068101	-0.034817	-0.080684	-0.074567	-0.072717	-0.081023	-0.108323	-0.083286	-0.092313	-0.097448	-0.076225	-0.073417	-0.078194	-0.012011	-0.082374	-0.081162	-0.032042	-0.012947	-0.082480	-0.111636	-0.074008	-0.079285	-0.097329	-0.027319	-0.113528	-0.116809	-0.108174	-0.095208	-0.029529	-0.114219	-0.051880	-0.095457	-0.000293	-0.104783	-0.090205	-0.067675	
0.032417	-0.017129	0.003904	0.019145	0.006785	0.021008	0.034695	0.018715	0.024545	1.042796	0.000830	0.027968	-0.005421	0.001229	0.033253	0.020478	0.011896	0.024224	0.001319	0.023678	-0.030258	0.028456	-0.026055	-0.026760	0.054559	0.039316	0.035134	0.029009	0.041804	-0.029469	0.006052	0.079626	0.062293	0.002462	0.053755	0.041162	0.021939	0.020277	0.010429	0.040150	0.035997	0.041846	-0.021934	0.031040	-0.024057	-0.030654	-0.020972	-0.029618	-0.015425	-0.027565	-0.025013	-0.023497	-0.057741	-0.028880	-0.048277	-0.036781	-0.016280	-0.033759	-0.024896	-0.057987	-0.055272	-0.046852	-0.049635	-0.034367	-0.046418	-0.046132	-0.053996	-0.041036	-0.044573	-0.052828	-0.012928	-0.031739	-0.050828	-0.022906	-0.034566	-0.046610	-0.062074	-0.054551	-0.034653	-0.064200	0.021359	-0.067160	-0.062733	-0.061560	-0.065778	0.009519	-0.052113	0.003688	-0.018920	-0.019197	-0.057894	-0.064037	-0.060201	
0.024163	-0.012387	0.018722	0.040856	-0.003019	-0.018460	0.029718	0.024418	0.007123	0.000830	1.074452	-0.000288	0.001722	0.025092	-0.009175	0.025648	0.088141	0.061536	-0.013543	0.008585	-0.073544	0.027119	-0.067645	-0.070168	0.032844	0.021446	0.008054	0.025493	-0.006416	-0.043333	0.037628	-0.027787	0.019739	0.033292	-0.011140	0.061447	0.064871	-0.001736	0.023717	0.034913	0.069789	0.051547	-0.010460	0.072369	0.012060	-0.009698	-0.000928	0.008447	-0.027943	0.026017	0.026562	0.027037	-0.078953	0.005468	-0.058476	-0.020647	-0.054660	-0.059483	-0.018805	-0.061166	-0.074169	-0.048119	-0.057857	0.004989	-0.056003	-0.063979	-0.065759	-0.058297	-0.063797	-0.055492	-0.015314	-0.066009	-0.064295	-0.036903	-0.021182	-0.063252	-0.035199	-0.081127	-0.053350	-0.058597	0.081307	-0.053795	-0.047469	-0.030461	-0.069801	-0.017170	-0.029725	-0.000957	-0.052763	0.016758	-0.020213	-0.063628	-0.049183	
0.008490	0.483528	0.322849	-0.002067	0.551315	0.339383	0.028976	0.028780	0.494308	0.027968	-0.000288	1.100330	0.465966	0.157624	0.065885	-0.005264	-0.013792	-0.021480	0.489201	0.021897	-0.086666	-0.037656	-0.093276	-0.076318	0.082695	-0.025055	-0.039625	-0.023075	0.017869	-0.091621	-0.006763	0.017218	0.019014	0.000237	0.009761	-0.040939	0.009988	0.020133	-0.031954	0.067886	-0.050597	-0.020090	-0.037036	0.030872	-0.085960	-0.087598	-0.090912	-0.083849	-0.065698	-0.100317	-0.091470	-0.079314	-0.106372	-0.109245	-0.098136	0.007239	-0.024084	-0.095307	-0.008058	-0.095900	-0.112372	-0.098391	-0.094334	-0.101524	-0.097647	-0.103949	-0.105068	-0.077250	-0.077048	-0.089711	-0.021030	-0.098497	-0.098130	-0.020482	-0.003801	-0.105995	-0.119901	-0.091543	-0.095838	-0.103544	-0.012912	-0.120162	-0.121973	-0.094557	-0.113707	-0.006198	-0.111941	-0.050043	-0.100225	-0.013175	-0.097612	-0.097229	-0.110748	
0.021605	0.451996	0.278526	0.033825	0.443415	0.350478	0.014400	0.014707	0.494854	-0.005421	0.001722	0.465966	1.091850	0.122096	0.029435	-0.027441	0.003003	-0.040335	0.505801	0.007782	-0.069305	-0.036352	-0.073265	-0.070021	0.087702	-0.056130	-0.058278	-0.011043	-0.003746	-0.094817	-0.002273	0.008642	0.025954	-0.004792	0.010395	0.008366	0.021799	-0.020114	-0.005357	0.077453	-0.016543	0.016682	-0.020159	0.026251	-0.109081	-0.096868	-0.095517	-0.123562	-0.071275	-0.112149	-0.114543	-0.085860	-0.093678	-0.101475	-0.086919	-0.005161	-0.003071	-0.076941	-0.032830	-0.069963	-0.086674	-0.071258	-0.077643	-0.105555	-0.077012	-0.095600	-0.086495	-0.065371	-0.077462	-0.077955	-0.007448	-0.082655	-0.080768	-0.034664	-0.006782	-0.089021	-0.108736	-0.073141	-0.112336	-0.094505	0.005402	-0.114703	-0.119520	-0.113232	-0.109103	-0.043355	-0.131565	-0.052091	-0.090048	-0.010336	-0.104848	-0.085795	-0.082127	
0.028015	0.093309	0.123778	0.013091	0.144067	0.094306	0.030344	0.056667	0.142289	0.001229	0.025092	0.157624	0.122096	1.006668	0.162143	-0.019829	-0.035002	0.003850	0.122477	0.012137	-0.058207	0.028932	-0.071528	-0.056096	0.054428	-0.007151	-0.021498	-0.020073	0.043249	-0.059116	0.038664	0.103526	0.027562	-0.017811	0.095286	-0.008760	0.009169	0.056121	-0.011457	0.035024	0.011604	0.022638	-0.023399	0.046057	-0.032466	-0.044080	-0.060378	-0.030296	-0.034440	-0.043343	-0.054285	-0.027358	-0.050948	-0.042303	-0.058957	-0.012880	-0.005390	-0.046947	-0.031405	-0.046170	-0.061677	-0.063012	-0.047443	-0.049188	-0.072414	-0.054666	-0.058610	-0.057598	-0.059214	-0.065352	-0.018646	-0.071378	-0.074837	-0.028115	-0.010152	-0.060451	-0.089618	-0.061658	-0.090912	-0.066382	0.016593	-0.070217	-0.079509	-0.068309	-0.082399	-0.019816	-0.089282	0.005219	-0.035432	-0.009770	-0.085623	-0.074346	-0.071095	
0.038374	0.000886	0.037663	-0.000646	0.004520	0.048841	0.017203	0.040492	0.029190	0.033253	-0.009175	0.065885	0.029435	0.162143	1.081877	0.001673	0.039699	-0.001930	0.045959	0.011034	-0.068427	0.086696	-0.081270	-0.090601	0.073555	0.003695	-0.009591	-0.009205	0.038558	-0.085027	0.088908	0.355479	0.040959	0.043249	0.252643	-0.026505	0.013235	0.053389	-0.009540	0.075720	-0.029227	-0.004748	-0.006549	-0.014050	-0.050843	-0.032916	-0.058456	-0.025254	-0.040605	-0.014761	-0.029068	-0.012207	-0.102918	-0.028928	-0.097485	0.002609	-0.025939	-0.110094	-0.006058	-0.104497	-0.084914	-0.090257	-0.085549	-0.044698	-0.102978	-0.085271	-0.103985	-0.072815	-0.072099	-0.078043	-0.007132	-0.081344	-0.085374	-0.002403	-0.014924	-0.114562	-0.032008	-0.042871	-0.053572	-0.047550	0.044985	-0.035144	-0.032918	-0.062922	-0.053160	-0.001543	-0.025327	0.002824	-0.041781	0.020470	-0.039142	-0.032784	-0.068029	
0.004162	-0.034068	-0.038223	0.022958	-0.033329	-0.006355	0.002766	-0.018285	-0.022938	0.020478	0.025648	-0.005264	-0.027441	-0.019829	0.001673	0.964038	0.011826	-0.006476	-0.035046	-0.023671	-0.038448	-0.008512	-0.036960	-0.033629	0.030366	0.451184	0.429622	0.455479	0.018982	-0.049836	0.005367	0.007636	0.022044	0.007700	0.044193	0.028697	0.015838	0.058690	0.018741	0.040021	0.018154	-0.006216	-0.025834	0.001827	-0.044338	-0.047777	-0.065006	-0.046747	-0.043278	-0.037898	-0.040806	-0.056763	-0.035085	-0.031579	-0.041815	-0.010314	-0.009692	-0.041135	-0.026205	-0.039134	-0.047879	-0.027612	-0.035945	-0.048491	-0.043463	-0.050812	-0.054047	-0.044455	-0.029118	-0.049433	-0.009940	-0.034014	-0.031225	-0.002000	-0.022154	-0.041857	-0.076841	-0.090490	-0.077656	-0.089566	-0.026743	-0.067450	-0.063238	-0.076587	-0.061845	-0.033934	-0.095204	-0.040850	-0.081131	-0.012215	-0.080887	-0.070363	-0.083714	
0.017830	-0.051514	0.000565	0.022509	-0.026543	0.007010	0.012247	0.000949	-0.009963	0.011896	0.088141	-0.013792	0.003003	-0.035002	0.039699	0.011826	1.014974	0.058166	-0.005240	0.043898	-0.052626	0.044398	-0.043143	-0.059039	0.016277	0.002147	-0.005950	0.002671	-0.000431	-0.021303	0.021671	0.011304	0.027109	0.004622	-0.021588	0.052652	0.040861	-0.011876	0.022248	0.013144	0.064717	0.047564	-0.010100	0.058953	0.031428	0.017178	0.014671	0.006736	0.034597	0.029775	-0.000571	0.028290	-0.060505	0.027453	-0.043523	-0.021863	-0.004321	-0.031619	0.005766	-0.021766	-0.063625	-0.047154	-0.034030	0.005200	-0.063198	-0.042350	-0.041092	-0.049710	-0.032554	-0.043093	-0.020975	-0.053659	-0.058362	-0.030488	-0.015197	-0.057809	-0.055775	-0.057938	-0.046590	-0.058391	0.112642	-0.081810	-0.065496	-0.073166	-0.085511	0.021620	-0.089630	-0.017733	-0.076550	0.002478	-0.074118	-0.065492	-0.073315	
0.039569	-0.013566	-0.022274	0.055071	-0.038940	-0.004831	0.000658	0.036964	-0.033523	0.024224	0.061536	-0.021480	-0.040335	0.003850	-0.001930	-0.006476	0.058166	1.023689	-0.023226	0.004616	-0.029405	0.102197	-0.022687	-0.041308	0.006773	0.000200	0.001947	0.013690	0.024195	-0.009543	0.042361	-0.010575	-0.004725	0.006019	0.012303	-0.014086	0.029617	0.015013	-0.010819	0.033084	-0.004240	0.027147	0.002658	0.011018	0.005691	0.012805	0.010739	-0.014631	0.000037	0.009904	0.007987	0.006260	-0.013270	-0.007109	-0.028512	-0.025331	-0.006966	-0.046691	0.001671	-0.029150	-0.012353	-0.051135	-0.009984	0.012769	-0.018097	-0.014591	-0.024500	-0.019594	-0.019062	-0.017453	0.006736	-0.044790	-0.024438	-0.010842	-0.008590	-0.002366	-0.060246	-0.069001	-0.089164	-0.066311	0.016165	-0.079164	-0.071305	-0.057684	-0.050606	0.005303	-0.063202	-0.026063	-0.058589	-0.022015	-0.070561	-0.052427	-0.099977	
0.012161	0.493116	0.333368	0.026174	0.479004	0.347773	0.012157	0.012904	0.452179	0.001319	-0.013543	0.489201	0.505801	0.122477	0.045959	-0.035046	-0.005240	-0.023226	1.047201	0.019086	-0.055238	-0.034066	-0.072130	-0.079200	0.077302	-0.049320	-0.067593	-0.041304	0.009558	-0.089023	-0.018159	0.010700	0.032494	0.015219	0.011103	-0.014817	-0.007176	0.005308	-0.016084	0.097475	-0.025765	-0.009847	-0.016154	0.012141	-0.097022	-0.096202	-0.069192	-0.107975	-0.067437	-0.098525	-0.080772	-0.075478	-0.097770	-0.104566	-0.095074	-0.012675	-0.008910	-0.069807	-0.014428	-0.087973	-0.089023	-0.090139	-0.084062	-0.088149	-0.079370	-0.103592	-0.103284	-0.072061	-0.088809	-0.080416	-0.020897	-0.088698	-0.079305	-0.027960	-0.022692	-0.088747	-0.108544	-0.087264	-0.096581	-0.100020	0.000567	-0.105806	-0.109857	-0.109954	-0.103819	-0.023453	-0.120810	-0.068086	-0.092279	0.006266	-0.086503	-0.082254	-0.096833	
0.042013	-0.022680	-0.003012	0.026923	0.008077	0.003187	0.067222	0.030364	0.002561	0.023678	0.008585	0.021897	0.007782	0.012137	0.011034	-0.023671	0.043898	0.004616	0.019086	1.051028	-0.077697	0.037432	-0.077324	-0.095888	0.065087	-0.036715	-0.002345	-0.021235	0.042155	-0.068279	0.050428	0.009139	0.034745	0.008923	0.041428	0.014028	0.000769	0.008598	0.020496	0.029221	-0.012975	-0.028889	0.018594	-0.007761	0.012067	0.002562	-0.003063	0.014250	-0.010949	0.003991	-0.005757	0.007357	-0.083883	0.005334	-0.056226	0.034272	0.022065	-0.063594	0.031595	-0.086506	-0.078773	-0.081559	-0.071811	0.002036	-0.079967	-0.073058	-0.076240	-0.081607	-0.093274	-0.074383	0.046944	-0.100314	-0.066169	0.017290	0.017414	-0.080731	-0.006881	-0.043267	-0.040269	-0.027300	0.031200	-0.027803	-0.054477	-0.030697	-0.042493	0.055198	-0.040268	0.055471	-0.025592	0.031116	-0.032029	-0.025342	-0.034492	
-0.054777	-0.043717	-0.065745	-0.077470	-0.055011	-0.075992	-0.080192	-0.076466	-0.062521	-0.030258	-0.073544	-0.086666	-0.069305	-0.058207	-0.068427	-0.038448	-0.052626	-0.029405	-0.055238	-0.077697	0.745528	-0.050574	0.264178	0.282156	-0.073731	-0.007188	-0.033195	-0.026433	-0.065331	0.263852	-0.034595	-0.055777	-0.074770	-0.088559	-0.040672	-0.082278	-0.074268	-0.065815	-0.104373	-0.040366	-0.100468	-0.084518	-0.095134	-0.066115	-0.107573	-0.117253	-0.121293	-0.115341	-0.110877	-0.109003	-0.104798	-0.118341	0.307525	-0.115377	0.257085	-0.105439	-0.106070	0.278023	-0.104350	0.260967	0.256241	0.276527	0.291300	-0.102420	0.281591	0.263387	0.299112	0.245115	0.279254	0.288793	-0.110954	0.278155	0.276704	-0.119250	-0.097520	0.292819	-0.127507	-0.109365	-0.122060	-0.109645	-0.051542	-0.131828	-0.141153	-0.130223	-0.124581	-0.102316	-0.126087	-0.086669	-0.112191	-0.084023	-0.135458	-0.119070	-0.104298	
-0.019023	-0.064745	0.009696	0.029355	-0.036292	-0.040404	-0.001444	0.008524	-0.044279	0.028456	0.027119	-0.037656	-0.036352	0.028932	0.086696	-0.008512	0.044398	0.102197	-0.034066	0.037432	-0.050574	1.033754	-0.029424	-0.039011	-0.024134	0.030590	0.032899	0.023492	0.018056	-0.037247	0.023654	0.018373	-0.013692	0.031024	0.039112	0.005139	0.008909	0.064083	-0.022104	0.031498	-0.009677	-0.007912	-0.008816	-0.005450	0.002603	0.015548	0.002039	0.018922	0.004438	-0.002312	0.028064	0.007881	-0.049479	0.035260	-0.027894	0.029297	0.016196	-0.062409	0.026740	-0.054088	-0.042065	-0.071765	-0.032380	-0.001201	-0.044883	-0.054028	-0.057891	-0.027899	-0.048962	-0.051316	0.046734	-0.052214	-0.050099	0.036339	0.038867	-0.044265	-0.037589	-0.095812	-0.056686	-0.066357	-0.000701	-0.043489	-0.068672	-0.094529	-0.058741	0.008153	-0.068223	0.007299	-0.085583	0.035275	-0.041014	-0.062496	-0.071368	
-0.067115	-0.076790	-0.060186	-0.054868	-0.080060	-0.073534	-0.103948	-0.079810	-0.079339	-0.026055	-0.067645	-0.093276	-0.073265	-0.071528	-0.081270	-0.036960	-0.043143	-0.022687	-0.072130	-0.077324	0.264178	-0.029424	0.763592	0.293961	-0.088467	-0.033326	-0.028081	-0.049898	-0.081526	0.288051	-0.053217	-0.052715	-0.074334	-0.078101	-0.058824	-0.093639	-0.078986	-0.064457	-0.087947	-0.038487	-0.097164	-0.078549	-0.092860	-0.065537	-0.106551	-0.117031	-0.102263	-0.121570	-0.099934	-0.112117	-0.115034	-0.123031	0.284076	-0.120292	0.263350	-0.098505	-0.090129	0.284789	-0.081264	0.273321	0.277092	0.266131	0.262912	-0.099044	0.261167	0.287650	0.299599	0.313190	0.266833	0.306915	-0.099586	0.309583	0.273575	-0.085697	-0.089595	0.296119	-0.139210	-0.121090	-0.134311	-0.125207	-0.052214	-0.129552	-0.139637	-0.126513	-0.137050	-0.089561	-0.137276	-0.105003	-0.112129	-0.085808	-0.126105	-0.131004	-0.119460	
-0.083854	-0.050086	-0.074239	-0.077975	-0.068530	-0.084206	-0.084794	-0.082598	-0.069531	-0.026760	-0.070168	-0.076318	-0.070021	-0.056096	-0.090601	-0.033629	-0.059039	-0.041308	-0.079200	-0.095888	0.282156	-0.039011	0.293961	0.739583	-0.093214	-0.016764	-0.021657	-0.025986	-0.067816	0.274020	-0.030941	-0.051577	-0.061008	-0.072307	-0.058137	-0.088921	-0.070040	-0.052595	-0.101756	-0.052159	-0.087260	-0.080375	-0.104604	-0.070048	-0.096924	-0.126213	-0.094040	-0.111967	-0.103930	-0.117072	-0.120149	-0.106193	0.276521	-0.110114	0.273579	-0.093568	-0.091289	0.296225	-0.067113	0.297327	0.262976	0.272484	0.273763	-0.083542	0.247572	0.254098	0.276070	0.272908	0.281587	0.263348	-0.100019	0.275903	0.288106	-0.094624	-0.108589	0.269444	-0.129120	-0.116059	-0.117115	-0.132763	-0.051370	-0.119768	-0.130191	-0.130411	-0.130813	-0.077653	-0.126686	-0.099596	-0.105632	-0.087051	-0.137158	-0.116824	-0.116850	
0.069446	0.089338	0.080944	0.064185	0.095691	0.084944	0.045911	0.042951	0.103884	0.054559	0.032844	0.082695	0.087702	0.054428	0.073555	0.030366	0.016277	0.006773	0.077302	0.065087	-0.073731	-0.024134	-0.088467	-0.093214	1.053192	0.045224	0.007410	0.013268	0.026248	-0.062178	0.041070	0.054558	0.045435	0.066784	0.064083	0.021907	0.013405	0.026509	0.009954	0.010864	0.011414	0.018090	0.004839	0.016260	-0.050519	-0.057443	-0.056321	-0.067095	-0.040401	-0.042783	-0.063809	-0.039433	-0.090592	-0.050078	-0.083141	-0.009216	0.005160	-0.083211	-0.015358	-0.076960	-0.089034	-0.092410	-0.093876	-0.045816	-0.059560	-0.088088	-0.085317	-0.076942	-0.076778	-0.090146	-0.021033	-0.085030	-0.086579	0.015457	-0.002148	-0.096650	-0.061258	-0.029677	-0.031634	-0.033423	0.052499	-0.036476	-0.056288	-0.063364	-0.056849	0.008274	-0.051374	0.029382	-0.025237	-0.002653	-0.054266	-0.080581	-0.046279	
-0.028895	-0.033891	-0.048032	-0.009693	-0.041082	-0.012004	-0.043728	-0.034086	-0.023543	0.039316	0.021446	-0.025055	-0.056130	-0.007151	0.003695	0.451184	0.002147	0.000200	-0.049320	-0.036715	-0.007188	0.030590	-0.033326	-0.016764	0.045224	0.934721	0.440124	0.422478	0.025047	-0.015783	0.011547	0.016530	0.032572	-0.001740	0.066710	0.013897	0.003533	0.069941	0.006082	0.050615	0.006679	-0.030412	-0.045201	0.030894	-0.067494	-0.073685	-0.070807	-0.061168	-0.061166	-0.046688	-0.079165	-0.075300	-0.041533	-0.063523	-0.033217	-0.014670	-0.002438	-0.013442	-0.014400	-0.026861	-0.010501	-0.014321	-0.031773	-0.067979	-0.032177	-0.035041	-0.047269	-0.018832	-0.015561	-0.032224	-0.013824	-0.032231	-0.011628	-0.009618	-0.015202	-0.033780	-0.082412	-0.086047	-0.064451	-0.081607	0.006242	-0.065087	-0.077052	-0.065466	-0.065825	-0.034355	-0.072851	-0.043463	-0.067805	-0.043191	-0.075453	-0.046225	-0.074244	
-0.020480	-0.038483	-0.045015	0.002448	-0.059877	-0.017578	-0.004027	-0.031810	-0.039469	0.035134	0.008054	-0.039625	-0.058278	-0.021498	-0.009591	0.429622	-0.005950	0.001947	-0.067593	-0.002345	-0.033195	0.032899	-0.028081	-0.021657	0.007410	0.440124	0.981242	0.464901	0.008738	-0.026989	0.020411	0.002011	0.012854	-0.001077	0.045916	0.029272	0.044023	0.087855	-0.002581	0.030011	0.039809	0.014424	-0.029731	0.013050	-0.063528	-0.028940	-0.057323	-0.060527	-0.039290	-0.053035	-0.067194	-0.061220	-0.041569	-0.045581	-0.023015	-0.008114	-0.018707	-0.029938	-0.015127	-0.028495	-0.048121	-0.030405	-0.034742	-0.043483	-0.046240	-0.036511	-0.038410	-0.037221	-0.020060	-0.039276	-0.007447	-0.037823	-0.036740	-0.006959	-0.002060	-0.028633	-0.068930	-0.081372	-0.066909	-0.079437	-0.020282	-0.066340	-0.063158	-0.067238	-0.056958	-0.047298	-0.080817	-0.036895	-0.078653	-0.035538	-0.093730	-0.071836	-0.080221	
-0.005345	-0.031696	-0.032103	-0.015539	-0.042967	-0.008192	-0.009667	0.004506	-0.022573	0.029009	0.025493	-0.023075	-0.011043	-0.020073	-0.009205	0.455479	0.002671	0.013690	-0.041304	-0.021235	-0.026433	0.023492	-0.049898	-0.025986	0.013268	0.422478	0.464901	0.951628	0.010611	-0.040378	0.016072	0.007724	0.017108	0.009330	0.041022	0.013027	0.004582	0.071507	0.003111	0.034427	0.016661	-0.006686	-0.027205	0.024125	-0.031490	-0.019215	-0.046435	-0.035887	-0.037582	-0.024132	-0.045453	-0.037144	-0.038470	-0.021291	-0.021803	-0.019476	-0.006715	-0.048858	-0.020844	-0.040520	-0.049888	-0.040712	-0.047326	-0.048390	-0.044956	-0.055935	-0.053191	-0.052077	-0.043314	-0.059006	-0.024639	-0.060142	-0.042580	-0.017702	-0.014215	-0.047516	-0.079871	-0.078969	-0.073446	-0.094162	-0.022256	-0.065792	-0.079344	-0.058517	-0.062127	-0.020238	-0.082927	-0.047518	-0.090341	-0.000491	-0.088528	-0.063876	-0.075845	
0.023104	0.042095	0.016471	0.005624	-0.006113	-0.012447	0.010545	0.032078	0.006017	0.041804	-0.006416	0.017869	-0.003746	0.043249	0.038558	0.018982	-0.000431	0.024195	0.009558	0.042155	-0.065331	0.018056	-0.081526	-0.067816	0.026248	0.025047	0.008738	0.010611	1.111296	-0.041527	0.024171	0.085708	0.019857	0.065136	0.086218	0.026959	0.022585	0.015088	0.007706	0.000249	0.026630	0.036323	0.042895	0.043075	-0.031908	-0.046194	-0.040968	-0.030274	-0.021101	-0.029049	-0.040033	-0.011733	-0.084340	-0.033689	-0.084354	0.008314	0.037225	-0.060008	0.026418	-0.061210	-0.073133	-0.091068	-0.079281	-0.012744	-0.066127	-0.082908	-0.067488	-0.071704	-0.057495	-0.084474	0.011104	-0.060943	-0.074723	0.012419	0.013404	-0.057891	-0.040759	-0.039806	-0.042002	-0.047360	0.012617	-0.026050	-0.029026	-0.051752	-0.031679	0.003078	-0.017266	0.038867	-0.048437	-0.000024	-0.033506	-0.039426	-0.043680	
-0.077875	-0.052877	-0.064759	-0.067389	-0.071148	-0.066801	-0.079695	-0.068864	-0.092099	-0.029469	-0.043333	-0.091621	-0.094817	-0.059116	-0.085027	-0.049836	-0.021303	-0.009543	-0.089023	-0.068279	0.263852	-0.037247	0.288051	0.274020	-0.062178	-0.015783	-0.026989	-0.040378	-0.041527	0.749530	-0.078976	-0.083577	-0.076782	-0.060972	-0.060991	-0.079562	-0.075114	-0.067263	-0.094864	-0.067800	-0.084302	-0.078161	-0.089300	-0.071298	-0.105633	-0.119523	-0.102019	-0.103563	-0.106324	-0.099606	-0.105125	-0.122836	0.291114	-0.116459	0.264467	-0.103025	-0.079439	0.292513	-0.101589	0.278368	0.257816	0.255295	0.268526	-0.082263	0.265993	0.283128	0.281933	0.257192	0.293385	0.281752	-0.106624	0.297999	0.278763	-0.114519	-0.103450	0.311228	-0.135143	-0.123400	-0.129249	-0.113899	-0.040542	-0.118128	-0.147799	-0.155380	-0.126764	-0.073899	-0.132798	-0.106872	-0.114811	-0.099676	-0.133316	-0.122314	-0.117715	
-0.003553	-0.004127	-0.026991	0.037081	-0.015054	-0.002533	0.024092	0.013703	-0.016154	0.006052	0.037628	-0.006763	-0.002273	0.038664	0.088908	0.005367	0.021671	0.042361	-0.018159	0.050428	-0.034595	0.023654	-0.053217	-0.030941	0.041070	0.011547	0.020411	0.016072	0.024171	-0.078976	1.037753	0.070208	-0.004038	0.010755	0.048882	0.024246	-0.000824	0.158583	-0.016783	0.006561	0.013471	0.008611	0.034061	0.024644	-0.038004	-0.030746	-0.028188	-0.038723	-0.009220	-0.040941	-0.024017	-0.025322	-0.067857	-0.022203	-0.046360	-0.027876	-0.012719	-0.051135	-0.000352	-0.063148	-0.052074	-0.045180	-0.043256	-0.032902	-0.079715	-0.052822	-0.048791	-0.044625	-0.053949	-0.062068	-0.025813	-0.050538	-0.056649	-0.012545	-0.032390	-0.060105	-0.009044	-0.014528	-0.033555	-0.016029	0.023031	-0.036733	-0.049083	-0.043490	-0.011712	-0.027214	-0.046876	0.009223	-0.018479	0.001126	-0.050740	-0.015166	-0.036164	
0.018491	0.012597	-0.009228	0.007123	-0.025157	0.019185	0.010106	0.024131	0.023988	0.079626	-0.027787	0.017218	0.008642	0.103526	0.355479	0.007636	0.011304	-0.010575	0.010700	0.009139	-0.055777	0.018373	-0.052715	-0.051577	0.054558	0.016530	0.002011	0.007724	0.085708	-0.083577	0.070208	1.003243	0.037707	0.005602	0.228753	0.023380	0.015994	0.061739	-0.027854	0.049384	0.006932	0.010439	-0.017806	-0.020681	-0.030283	-0.022886	-0.042211	-0.012108	0.023796	-0.042052	-0.024563	-0.026610	-0.076564	-0.023525	-0.069471	-0.022702	-0.058049	-0.068634	-0.034605	-0.081216	-0.048751	-0.051986	-0.070941	-0.024103	-0.067150	-0.077629	-0.074058	-0.042998	-0.054078	-0.048149	-0.044817	-0.071632	-0.071425	-0.044043	-0.031915	-0.079180	-0.065955	-0.045446	-0.031160	-0.049511	0.014759	-0.039240	-0.047926	-0.063142	-0.049466	-0.001234	-0.037044	0.036994	-0.020246	0.013323	-0.055848	-0.043192	-0.052933	
0.077365	0.056928	0.021452	0.084899	0.051535	-0.000016	0.072417	0.088319	0.018035	0.062293	0.019739	0.019014	0.025954	0.027562	0.040959	0.022044	0.027109	-0.004725	0.032494	0.034745	-0.074770	-0.013692	-0.074334	-0.061008	0.045435	0.032572	0.012854	0.017108	0.019857	-0.076782	-0.004038	0.037707	1.079286	0.013346	0.066829	0.014814	0.066636	-0.001295	0.037025	0.030311	0.039919	0.037317	-0.006346	0.036627	-0.014316	-0.009713	-0.004627	-0.002050	-0.028362	-0.033994	-0.012200	0.007657	-0.065194	0.007344	-0.064729	-0.006701	0.000815	-0.069487	-0.022438	-0.075209	-0.067312	-0.082987	-0.069539	-0.015410	-0.083299	-0.079123	-0.090166	-0.066317	-0.074981	-0.085144	-0.001940	-0.070039	-0.060543	0.002175	-0.005707	-0.076617	-0.052926	-0.065959	-0.022426	-0.056606	0.032850	-0.082779	-0.073787	-0.065916	-0.060704	0.021923	-0.057808	-0.000466	-0.062668	0.034852	-0.075173	-0.056286	-0.052522	
0.076022	-0.002172	-0.019143	0.059905	-0.010957	-0.022735	0.066751	0.052146	0.001551	0.002462	0.033292	0.000237	-0.004792	-0.017811	0.043249	0.007700	0.004622	0.006019	0.015219	0.008923	-0.088559	0.031024	-0.078101	-0.072307	0.066784	-0.001740	-0.001077	0.009330	0.065136	-0.060972	0.010755	0.005602	0.013346	1.130532	0.030822	0.016298	0.005355	0.015270	0.027539	0.017938	0.022330	0.029723	-0.000471	0.057323	-0.012337	-0.012667	-0.028638	-0.035134	0.005885	-0.015389	-0.042012	-0.020130	-0.080715	-0.012241	-0.051213	0.033312	0.027752	-0.056401	0.017733	-0.057029	-0.052222	-0.071330	-0.087983	-0.010820	-0.052632	-0.067755	-0.072886	-0.048603	-0.062867	-0.071311	0.021464	-0.077017	-0.066001	0.008615	0.022153	-0.049464	-0.018605	-0.032260	-0.047954	-0.069290	-0.003112	-0.020886	-0.025630	-0.037569	-0.034028	0.012042	-0.028863	-0.002474	-0.044483	-0.040299	-0.040781	-0.018828	-0.011839	
0.032957	-0.025808	0.034371	0.009696	0.021217	0.022312	0.019943	0.021363	0.019986	0.053755	-0.011140	0.009761	0.010395	0.095286	0.252643	0.044193	-0.021588	0.012303	0.011103	0.041428	-0.040672	0.039112	-0.058824	-0.058137	0.064083	0.066710	0.045916	0.041022	0.086218	-0.060991	0.048882	0.228753	0.066829	0.030822	1.001877	-0.023739	-0.027029	0.060960	-0.062150	0.034500	-0.038341	-0.046135	0.011143	-0.011677	-0.034641	-0.068796	-0.063953	-0.040225	-0.054937	-0.056599	-0.038678	-0.046215	-0.059211	-0.044789	-0.059223	-0.011922	-0.024151	-0.076242	-0.008132	-0.054285	-0.057480	-0.065276	-0.056348	-0.042310	-0.067381	-0.053503	-0.061276	-0.069756	-0.042791	-0.056307	-0.016567	-0.050689	-0.070290	-0.034432	-0.011591	-0.081684	-0.040049	-0.029601	-0.022211	-0.047669	-0.005249	-0.029364	-0.040419	-0.042167	-0.051925	0.000734	-0.055177	-0.000831	-0.039752	0.013728	-0.049718	-0.024601	-0.042169	
-0.025837	-0.035152	-0.025214	-0.001354	-0.017955	-0.019188	-0.030896	0.004740	-0.014083	0.041162	0.061447	-0.040939	0.008366	-0.008760	-0.026505	0.028697	0.052652	-0.014086	-0.014817	0.014028	-0.082278	0.005139	-0.093639	-0.088921	0.021907	0.013897	0.029272	0.013027	0.026959	-0.079562	0.024246	0.023380	0.014814	0.016298	-0.023739	1.022392	0.490169	0.053185	0.461791	0.012175	0.509121	0.459866	-0.001477	0.201624	-0.052752	-0.042002	-0.060288	-0.045475	-0.041035	-0.032043	-0.027918	-0.038034	-0.088083	-0.063188	-0.081814	-0.024315	-0.070775	-0.064216	-0.058410	-0.086528	-0.066068	-0.087923	-0.084472	-0.059789	-0.070219	-0.088145	-0.083257	-0.087708	-0.085124	-0.088872	-0.038888	-0.079653	-0.086037	-0.034952	-0.041528	-0.088924	-0.050644	-0.048754	-0.049228	-0.063011	0.037099	-0.072551	-0.061953	-0.074259	-0.070712	0.014586	-0.077844	-0.004900	-0.035817	-0.002108	-0.055746	-0.057667	-0.048668	
0.016152	-0.030216	-0.022176	0.016477	0.015493	0.002139	-0.004498	-0.002447	0.018049	0.021939	0.064871	0.009988	0.021799	0.009169	0.013235	0.015838	0.040861	0.029617	-0.007176	0.000769	-0.074268	0.008909	-0.078986	-0.070040	0.013405	0.003533	0.044023	0.004582	0.022585	-0.075114	-0.000824	0.015994	0.066636	0.005355	-0.027029	0.490169	0.974540	0.030723	0.399180	0.005603	0.544286	0.499674	-0.011334	0.167086	-0.048484	-0.039828	-0.062557	-0.048162	-0.054834	-0.055065	-0.039744	-0.052516	-0.091444	-0.061695	-0.070073	0.002623	-0.040374	-0.060772	-0.029756	-0.080195	-0.081499	-0.082895	-0.086116	-0.058307	-0.060075	-0.069351	-0.083184	-0.083553	-0.072890	-0.083863	0.002016	-0.085610	-0.064566	-0.025195	-0.035442	-0.093365	-0.076831	-0.067503	-0.075455	-0.078436	0.038987	-0.103304	-0.101117	-0.099199	-0.086932	0.012058	-0.097194	-0.048817	-0.082193	0.015624	-0.090050	-0.085556	-0.083459	
0.073003	-0.008180	-0.011831	0.061716	-0.008562	0.009553	0.074887	0.036510	0.023508	0.020277	-0.001736	0.020133	-0.020114	0.056121	0.053389	0.058690	-0.011876	0.015013	0.005308	0.008598	-0.065815	0.064083	-0.064457	-0.052595	0.026509	0.069941	0.087855	0.071507	0.015088	-0.067263	0.158583	0.061739	-0.001295	0.015270	0.060960	0.053185	0.030723	0.982473	0.023083	0.018662	0.039283	0.036394	-0.007143	0.037256	-0.065536	-0.047887	-0.038328	-0.060787	-0.053686	-0.068672	-0.061159	-0.044865	-0.071869	-0.041114	-0.070305	-0.009929	-0.034662	-0.042943	-0.029312	-0.066831	-0.051613	-0.052214	-0.057186	-0.069553	-0.075819	-0.041715	-0.070002	-0.058432	-0.067606	-0.050989	-0.028660	-0.054881	-0.082431	-0.014845	-0.004498	-0.052247	-0.007309	-0.038136	-0.032060	-0.055364	-0.012081	-0.023785	-0.027102	-0.046328	-0.006159	-0.006684	-0.012394	0.020044	-0.027953	-0.018431	-0.048724	-0.013753	-0.035332	
0.033096	0.009557	-0.044535	0.043886	-0.037493	0.010857	-0.002292	0.035662	-0.060689	0.010429	0.023717	-0.031954	-0.005357	-0.011457	-0.009540	0.018741	0.022248	-0.010819	-0.016084	0.020496	-0.104373	-0.022104	-0.087947	-0.101756	0.009954	0.006082	-0.002581	0.003111	0.007706	-0.094864	-0.016783	-0.027854	0.037025	0.027539	-0.062150	0.461791	0.399180	0.023083	1.065377	0.014815	0.486953	0.490464	0.020684	0.234424	-0.033091	-0.066802	-0.098029	-0.052934	-0.058013	-0.023250	-0.036093	-0.071000	-0.078797	-0.083578	-0.086016	-0.014235	-0.059267	-0.085937	-0.013565	-0.101245	-0.098483	-0.090312	-0.085564	-0.071816	-0.100567	-0.090425	-0.127986	-0.128330	-0.108427	-0.105275	0.020423	-0.104348	-0.090214	-0.018321	-0.007880	-0.090476	-0.019876	-0.011384	-0.041327	-0.051611	0.014847	-0.061994	-0.035082	-0.035597	-0.076208	0.015749	-0.048784	-0.006109	-0.029000	0.006816	-0.052262	-0.062686	-0.037029	
0.000642	0.078054	0.048414	0.022462	0.073735	0.060631	-0.024271	-0.011012	0.072973	0.040150	0.034913	0.067886	0.077453	0.035024	0.075720	0.040021	0.013144	0.033084	0.097475	0.029221	-0.040366	0.031498	-0.038487	-0.052159	0.010864	0.050615	0.030011	0.034427	0.000249	-0.067800	0.006561	0.049384	0.030311	0.017938	0.034500	0.012175	0.005603	0.018662	0.014815	1.078072	0.019575	0.020420	-0.014906	0.006543	-0.053464	-0.051073	-0.068281	-0.050901	-0.072715	-0.039407	-0.008686	-0.044285	-0.054558	-0.049852	-0.030516	0.007672	-0.023919	-0.061883	-0.022421	-0.076019	-0.048877	-0.047349	-0.059705	-0.032785	-0.052100	-0.050837	-0.067578	-0.044457	-0.077516	-0.056688	-0.023749	-0.043168	-0.061597	-0.010729	-0.039883	-0.061319	-0.028822	-0.065473	-0.060577	-0.043304	-0.003707	-0.055184	-0.072281	-0.050807	-0.054306	0.028296	-0.034156	-0.032025	-0.051441	0.038486	-0.025429	-0.033654	-0.072039	
0.005265	-0.019116	-0.023783	0.035292	-0.019298	-0.019769	0.006915	0.025099	-0.045638	0.035997	0.069789	-0.050597	-0.016543	0.011604	-0.029227	0.018154	0.064717	-0.004240	-0.025765	-0.012975	-0.100468	-0.009677	-0.097164	-0.087260	0.011414	0.006679	0.039809	0.016661	0.026630	-0.084302	0.013471	0.006932	0.039919	0.022330	-0.038341	0.509121	0.544286	0.039283	0.486953	0.019575	1.088480	0.593883	0.004341	0.190431	-0.068998	-0.038853	-0.056303	-0.038772	-0.037192	-0.033282	-0.029427	-0.027202	-0.096635	-0.048595	-0.083132	-0.017266	-0.056670	-0.084595	-0.022715	-0.086867	-0.099413	-0.096326	-0.106817	-0.047593	-0.100974	-0.080634	-0.095237	-0.119255	-0.099293	-0.099005	0.005295	-0.090118	-0.087561	-0.019823	-0.031579	-0.103129	-0.078711	-0.070732	-0.105122	-0.077111	0.027567	-0.104550	-0.096375	-0.076381	-0.097566	0.019259	-0.092026	0.012786	-0.066230	-0.010259	-0.089065	-0.085258	-0.058670	
-0.016443	0.030912	0.005500	0.049507	-0.006321	0.011641	-0.015195	0.008812	-0.021158	0.041846	0.051547	-0.020090	0.016682	0.022638	-0.004748	-0.006216	0.047564	0.027147	-0.009847	-0.028889	-0.084518	-0.007912	-0.078549	-0.080375	0.018090	-0.030412	0.014424	-0.006686	0.036323	-0.078161	0.008611	0.010439	0.037317	0.029723	-0.046135	0.459866	0.499674	0.036394	0.490464	0.020420	0.593883	1.054944	-0.002206	0.175836	-0.052279	-0.044714	-0.059735	-0.057628	-0.050588	-0.048649	-0.036453	-0.044490	-0.075424	-0.071056	-0.076979	-0.004179	-0.052613	-0.068603	-0.023291	-0.066120	-0.093369	-0.065296	-0.068904	-0.060571	-0.055000	-0.060678	-0.086412	-0.085471	-0.081791	-0.083734	-0.011700	-0.069035	-0.081121	-0.042169	-0.025832	-0.100862	-0.079490	-0.085305	-0.057054	-0.081358	0.007208	-0.082630	-0.096853	-0.083762	-0.108422	0.026287	-0.101622	-0.018262	-0.066759	-0.013175	-0.094694	-0.084877	-0.058209	
-0.032661	-0.000250	-0.031134	0.056637	-0.043534	0.013037	0.008508	-0.027358	0.012839	-0.021934	-0.010460	-0.037036	-0.020159	-0.023399	-0.006549	-0.025834	-0.010100	0.002658	-0.016154	0.018594	-0.095134	-0.008816	-0.092860	-0.104604	0.004839	-0.045201	-0.029731	-0.027205	0.042895	-0.089300	0.034061	-0.017806	-0.006346	-0.000471	0.011143	-0.001477	-0.011334	-0.007143	0.020684	-0.014906	0.004341	-0.002206	1.045167	0.007531	-0.064679	-0.049805	-0.051969	-0.059638	-0.062657	-0.056542	-0.065909	-0.064363	-0.100440	-0.036165	-0.074793	0.030379	0.025172	-0.085887	0.017222	-0.106797	-0.095135	-0.098924	-0.096548	-0.048757	-0.107181	-0.097763	-0.101670	-0.091429	-0.100625	-0.107059	0.020022	-0.104757	-0.097268	-0.006865	0.002826	-0.089613	0.074776	0.110017	0.077943	0.078900	-0.044204	0.078908	0.086806	0.085363	0.096026	0.014228	0.096794	0.111780	0.093204	0.278086	0.122624	0.097324	0.078578	
0.032647	0.001922	-0.003767	-0.005906	0.025880	0.012378	0.043579	0.053617	0.015344	0.031040	0.072369	0.030872	0.026251	0.046057	-0.014050	0.001827	0.058953	0.011018	0.012141	-0.007761	-0.066115	-0.005450	-0.065537	-0.070048	0.016260	0.030894	0.013050	0.024125	0.043075	-0.071298	0.024644	-0.020681	0.036627	0.057323	-0.011677	0.201624	0.167086	0.037256	0.234424	0.006543	0.190431	0.175836	0.007531	1.046303	-0.024018	-0.028638	-0.042930	-0.037037	-0.031806	-0.028820	-0.034895	-0.039158	-0.057964	-0.034818	-0.057500	-0.033743	-0.025467	-0.054584	-0.049191	-0.067738	-0.056936	-0.077607	-0.063198	-0.047176	-0.072059	-0.077813	-0.084044	-0.074445	-0.048592	-0.075886	-0.036104	-0.075275	-0.077609	-0.025088	-0.025176	-0.055269	-0.055521	-0.069159	-0.080689	-0.052124	0.030082	-0.073658	-0.040584	-0.058159	-0.064357	0.032531	-0.063606	-0.037132	-0.061083	0.028010	-0.027059	-0.052919	-0.073126	
