1.040694	-0.009081	0.021739	0.053892	-0.001411	0.003153	0.534066	0.530370	0.012652	0.040584	-0.019013	-0.000674	0.005973	0.020484	0.030640	-0.009750	0.006620	0.014255	-0.008404	0.028124	-0.080519	0.004360	-0.069721	-0.091867	0.024387	0.004539	-0.014309	-0.004245	0.034603	-0.075429	0.029036	0.008276	0.060833	0.029194	0.008815	0.011519	0.001135	0.031512	0.019435	0.027020	0.026618	-0.009710	-0.003927	0.021392	-0.053123	-0.038751	-0.049800	-0.044837	-0.052524	-0.055210	-0.055390	-0.046724	-0.078928	-0.037787	-0.081770	0.013015	0.008767	-0.076612	0.012579	-0.071344	-0.089349	-0.079890	-0.089477	-0.036477	-0.083285	-0.076292	-0.079508	-0.074777	-0.080477	-0.091981	0.012714	-0.073695	-0.082776	0.000698	0.013619	-0.077096	-0.053701	-0.042395	-0.038879	-0.036623	0.004125	-0.047015	-0.040451	-0.039186	-0.037677	0.005913	-0.058540	-0.006104	-0.044356	-0.011432	-0.061541	-0.033835	-0.045077	
-0.009081	1.141737	0.290048	-0.008874	0.525911	0.327494	0.011047	0.003988	0.463927	-0.006988	-0.044159	0.493122	0.502133	0.148918	-0.001074	-0.037672	-0.014375	-0.023732	0.506176	-0.030202	-0.107544	-0.014627	-0.101034	-0.106709	0.099200	-0.034419	-0.027363	-0.031127	-0.014822	-0.099660	-0.021586	0.020495	0.017324	-0.039931	-0.024371	-0.017090	-0.031528	0.013296	-0.025779	0.051944	-0.019887	-0.029581	0.004075	0.018223	-0.090300	-0.073501	-0.065599	-0.087636	-0.092235	-0.104849	-0.088536	-0.098686	-0.097957	-0.104690	-0.085188	-0.016748	-0.035286	-0.099930	-0.010107	-0.091436	-0.088569	-0.099994	-0.092665	-0.070875	-0.094233	-0.095166	-0.086509	-0.111224	-0.105137	-0.093401	-0.020800	-0.087620	-0.094171	-0.023713	-0.032215	-0.098832	-0.099277	-0.081839	-0.072043	-0.087357	-0.019184	-0.094009	-0.090433	-0.096747	-0.105809	0.009173	-0.081416	-0.038718	-0.088530	-0.038868	-0.113642	-0.083274	-0.096667	
0.021739	0.290048	1.009284	-0.000306	0.305291	0.323308	0.019559	-0.001843	0.323943	0.009290	-0.011453	0.300578	0.309137	0.096939	0.042500	-0.018086	0.006769	0.003590	0.312232	0.003472	-0.089994	-0.000438	-0.095768	-0.085816	0.061006	-0.013892	-0.014470	-0.013987	0.021165	-0.088364	0.015211	0.032080	0.027587	0.017361	0.052451	0.009925	-0.001918	0.015302	0.006233	0.030199	0.013711	-0.010358	-0.003677	0.003573	-0.066891	-0.060881	-0.059144	-0.076533	-0.075926	-0.061495	-0.074740	-0.068875	-0.079433	-0.070754	-0.073441	-0.010587	-0.010390	-0.094041	-0.007905	-0.076139	-0.073513	-0.085185	-0.085433	-0.071282	-0.098535	-0.089617	-0.091126	-0.085505	-0.089033	-0.078760	-0.013191	-0.091170	-0.088728	-0.013952	-0.008121	-0.081195	-0.076086	-0.073620	-0.058830	-0.076115	-0.005199	-0.079669	-0.069961	-0.076616	-0.081154	0.018893	-0.079546	-0.010165	-0.075984	-0.026645	-0.074092	-0.087644	-0.072406	
0.053892	-0.008874	-0.000306	1.077292	0.011028	0.016961	0.051181	0.042860	-0.007347	0.042355	0.027736	-0.007895	-0.007049	0.041289	0.012256	-0.003237	0.025906	0.011836	-0.005324	0.026767	-0.071614	0.036842	-0.064327	-0.057430	0.070431	-0.011014	0.000970	0.007740	0.005931	-0.063595	0.033573	0.009854	0.028176	0.070655	0.021280	0.010740	0.020747	0.036325	0.033212	0.035616	0.030693	0.021940	0.065239	-0.004491	-0.030199	-0.031810	-0.026797	-0.028377	-0.026908	-0.038770	-0.035189	-0.040012	-0.057316	-0.042799	-0.063702	0.004229	0.002938	-0.068357	0.000270	-0.050010	-0.073863	-0.057488	-0.067391	-0.031180	-0.062347	-0.064882	-0.059656	-0.062145	-0.064191	-0.064287	-0.001157	-0.069534	-0.060726	0.003248	-0.013380	-0.066410	-0.030414	-0.024350	-0.020765	-0.023620	0.012799	-0.032526	-0.032884	-0.045816	-0.029227	-0.005275	-0.042395	0.034860	-0.016769	0.032167	-0.030804	-0.042189	-0.026316	
-0.001411	0.525911	0.305291	0.011028	1.079492	0.347557	0.015774	0.000896	0.521948	0.003234	-0.030442	0.521833	0.492212	0.167279	0.025222	-0.031697	-0.011502	-0.024505	0.499826	-0.008775	-0.099785	-0.030735	-0.095141	-0.086763	0.076279	-0.036852	-0.033575	-0.030644	0.020401	-0.096058	-0.009040	0.029791	0.028007	-0.006004	0.031840	-0.014174	-0.017837	0.010551	-0.021756	0.046123	-0.016329	-0.031065	-0.018072	0.013398	-0.089357	-0.090592	-0.083270	-0.100473	-0.085031	-0.086172	-0.094950	-0.090900	-0.086252	-0.101440	-0.088583	-0.028012	-0.033412	-0.098368	-0.027518	-0.093207	-0.094988	-0.088234	-0.094520	-0.081759	-0.087529	-0.103910	-0.093998	-0.093995	-0.101378	-0.082920	-0.021332	-0.094026	-0.091848	-0.038072	-0.025650	-0.100768	-0.084999	-0.095576	-0.078985	-0.089716	-0.027076	-0.103111	-0.091838	-0.099582	-0.087343	-0.012634	-0.085392	-0.014665	-0.099412	-0.028030	-0.093930	-0.091002	-0.097821	
0.003153	0.327494	0.323308	0.016961	0.347557	1.089913	0.013587	-0.005751	0.328332	0.031375	-0.014162	0.338951	0.337305	0.119151	0.027950	-0.000175	-0.003033	0.004375	0.349215	0.006136	-0.091612	-0.015189	-0.083857	-0.072383	0.052767	-0.019879	0.003996	-0.007100	0.033761	-0.084351	0.000620	0.025417	0.026127	0.007957	0.036816	-0.008346	-0.003510	0.000140	0.000145	0.057054	0.024562	-0.003310	-0.014767	0.017408	-0.066527	-0.073403	-0.066899	-0.070742	-0.058318	-0.052382	-0.079674	-0.065412	-0.086755	-0.080338	-0.077593	-0.019731	-0.020617	-0.082710	-0.019465	-0.077051	-0.079938	-0.087786	-0.076735	-0.073703	-0.089818	-0.084510	-0.086895	-0.083127	-0.101083	-0.076960	-0.025030	-0.084585	-0.084419	-0.025399	-0.022020	-0.085292	-0.083135	-0.089244	-0.091661	-0.093861	-0.012316	-0.091178	-0.079080	-0.095395	-0.087568	-0.015332	-0.078505	-0.033905	-0.094977	-0.029590	-0.080077	-0.075111	-0.091216	
0.534066	0.011047	0.019559	0.051181	0.015774	0.013587	1.052899	0.555829	0.025193	0.044736	-0.008982	0.021852	0.016168	0.023940	0.034982	-0.008533	0.014127	0.019237	0.014865	0.034690	-0.074635	0.023381	-0.074512	-0.088022	0.044007	-0.007191	-0.014717	-0.024539	0.030877	-0.082900	0.017423	0.011132	0.071294	0.016788	0.002227	-0.006183	0.013475	0.061706	0.025708	0.024141	0.020674	-0.006048	0.000398	0.041143	-0.041752	-0.035832	-0.048276	-0.048509	-0.060734	-0.047071	-0.051022	-0.058921	-0.082526	-0.036593	-0.085323	-0.015018	-0.012352	-0.081698	0.008255	-0.078880	-0.077581	-0.077203	-0.077835	-0.035042	-0.083393	-0.074150	-0.090608	-0.082392	-0.085356	-0.088806	-0.004274	-0.081456	-0.079468	-0.010196	0.003142	-0.080939	-0.064565	-0.041878	-0.034513	-0.046918	0.013644	-0.053606	-0.051865	-0.049890	-0.061951	0.010922	-0.057996	-0.006274	-0.041701	-0.008333	-0.052323	-0.058949	-0.054718	
0.530370	0.003988	-0.001843	0.042860	0.000896	-0.005751	0.555829	1.042328	0.014997	0.046320	-0.012022	0.011136	0.013908	0.016809	0.031423	-0.018705	0.017330	0.004007	0.017997	0.037192	-0.081061	0.002924	-0.069149	-0.082772	0.036543	0.000440	-0.007294	-0.003570	0.019335	-0.081183	0.032481	0.008376	0.083104	0.027388	0.004129	0.006619	0.015649	0.058446	0.011828	0.019670	0.013583	0.000018	-0.007519	0.039819	-0.043594	-0.043276	-0.033903	-0.035897	-0.049497	-0.058967	-0.044003	-0.047871	-0.074737	-0.042730	-0.077968	0.005286	-0.014678	-0.085605	0.006756	-0.073996	-0.079241	-0.077142	-0.085075	-0.033587	-0.087188	-0.074485	-0.076203	-0.084162	-0.076512	-0.086581	0.002804	-0.074424	-0.081218	0.006177	0.012325	-0.078454	-0.055042	-0.039504	-0.038213	-0.047112	0.003393	-0.064164	-0.054601	-0.052973	-0.057425	0.019669	-0.059826	-0.006376	-0.034613	-0.024885	-0.061594	-0.055717	-0.039508	
0.012652	0.463927	0.323943	-0.007347	0.521948	0.328332	0.025193	0.014997	1.083182	0.007538	-0.019746	0.549407	0.504950	0.156659	0.022311	-0.020327	0.003306	-0.008965	0.529833	-0.014002	-0.107896	-0.024050	-0.109656	-0.102198	0.070349	-0.019262	-0.034670	-0.020857	0.004227	-0.111856	-0.015028	0.027549	0.020832	-0.006511	0.025666	-0.000534	-0.013616	0.014510	-0.025813	0.035239	-0.005236	-0.012317	-0.006016	0.028589	-0.092631	-0.089996	-0.088339	-0.096553	-0.090919	-0.084108	-0.096338	-0.087729	-0.100432	-0.104198	-0.104023	-0.021147	-0.034175	-0.107900	-0.025180	-0.094664	-0.104212	-0.111745	-0.103520	-0.079524	-0.104084	-0.116255	-0.105165	-0.101832	-0.108069	-0.096831	-0.028562	-0.106410	-0.097910	-0.027472	-0.030003	-0.111550	-0.071611	-0.076300	-0.068900	-0.080306	-0.032203	-0.091804	-0.086050	-0.083866	-0.082365	0.002129	-0.085132	-0.017482	-0.088856	-0.037894	-0.082766	-0.092126	-0.091965	
0.040584	-0.006988	0.009290	0.042355	0.003234	0.031375	0.044736	0.046320	0.007538	1.045323	0.015399	0.016997	0.003476	0.010148	0.009048	0.081689	0.036420	0.057861	0.017167	0.037260	-0.037861	0.047629	-0.032777	-0.040304	0.008621	0.069745	0.065572	0.070760	0.038810	-0.040914	0.035484	0.004340	0.020652	0.023576	0.005995	0.028177	0.027197	0.062724	0.027104	0.012123	0.029211	0.025190	0.002557	0.047263	-0.033106	-0.035416	-0.042226	-0.034196	-0.022588	-0.039155	-0.042785	-0.041574	-0.040086	-0.031603	-0.037146	0.001386	0.000931	-0.043214	-0.005488	-0.052215	-0.033685	-0.041811	-0.042299	-0.038489	-0.034857	-0.050517	-0.045698	-0.043683	-0.035422	-0.049897	-0.009361	-0.032730	-0.034816	-0.000323	-0.005510	-0.046173	-0.067677	-0.087791	-0.073806	-0.066560	0.025038	-0.085479	-0.080857	-0.065559	-0.086442	-0.045138	-0.074821	-0.017336	-0.068904	0.013410	-0.083661	-0.068976	-0.070678	
-0.019013	-0.044159	-0.011453	0.027736	-0.030442	-0.014162	-0.008982	-0.012022	-0.019746	0.015399	1.024375	-0.025597	-0.022195	0.011541	0.002511	0.028472	0.044146	0.051086	-0.026258	0.007640	-0.045139	0.026077	-0.061163	-0.042645	0.053054	0.036021	0.015072	0.030979	0.003082	-0.058557	0.019965	0.004800	0.018902	0.009328	0.021786	0.049916	0.068956	0.003278	0.059251	0.010329	0.070366	0.061578	-0.001307	0.055687	0.019884	0.003089	0.012353	0.003820	0.001769	0.009925	0.017736	0.015214	-0.046791	0.005115	-0.054948	-0.034974	-0.028089	-0.047412	-0.022877	-0.044164	-0.042611	-0.052858	-0.060041	-0.000600	-0.049420	-0.047843	-0.053291	-0.048496	-0.037903	-0.045078	-0.017792	-0.057544	-0.051099	-0.024079	-0.011149	-0.047253	-0.030484	-0.063180	-0.068808	-0.051384	0.068110	-0.042629	-0.033575	-0.044820	-0.045896	-0.001539	-0.045982	-0.001160	-0.063347	0.013634	-0.040963	-0.051983	-0.059100	
-0.000674	0.493122	0.300578	-0.007895	0.521833	0.338951	0.021852	0.011136	0.549407	0.016997	-0.025597	1.070322	0.518590	0.166344	0.024325	-0.027133	0.011776	-0.021328	0.511992	-0.008950	-0.114049	-0.034347	-0.110599	-0.096685	0.074920	-0.025397	-0.036288	-0.023960	0.018123	-0.109788	-0.004375	0.018330	0.030116	-0.003578	0.009044	-0.004614	-0.006866	0.009318	-0.020450	0.050728	-0.009479	-0.005686	0.000713	0.028433	-0.086265	-0.076057	-0.092013	-0.094592	-0.099725	-0.083379	-0.093226	-0.088947	-0.096819	-0.094842	-0.098107	-0.007789	-0.021464	-0.105743	-0.018228	-0.097187	-0.101364	-0.104975	-0.105136	-0.084300	-0.102038	-0.104917	-0.101297	-0.108950	-0.110105	-0.095857	-0.013910	-0.108199	-0.100781	-0.025778	-0.009604	-0.111114	-0.082916	-0.098334	-0.074376	-0.094471	-0.033553	-0.094374	-0.089330	-0.095937	-0.090728	-0.010314	-0.084837	-0.022930	-0.106108	-0.022025	-0.094422	-0.088882	-0.100643	
0.005973	0.502133	0.309137	-0.007049	0.492212	0.337305	0.016168	0.013908	0.504950	0.003476	-0.022195	0.518590	1.052475	0.165658	0.028554	-0.027233	-0.013458	-0.008900	0.524438	-0.018442	-0.109749	-0.014900	-0.106712	-0.097845	0.076154	-0.017904	-0.043732	-0.031775	0.015233	-0.108364	-0.001357	0.046251	0.013149	-0.000221	0.044090	-0.007974	-0.019421	-0.005205	-0.021757	0.041393	0.000145	-0.020963	-0.024155	0.012755	-0.084047	-0.081308	-0.087574	-0.084797	-0.083173	-0.080340	-0.088210	-0.083984	-0.092934	-0.103714	-0.090388	-0.003746	-0.021368	-0.103539	-0.009223	-0.095831	-0.101920	-0.098512	-0.110192	-0.070495	-0.102069	-0.102790	-0.088179	-0.103030	-0.100312	-0.104783	-0.007219	-0.108853	-0.106029	-0.023861	-0.023211	-0.115147	-0.087129	-0.090427	-0.075245	-0.086570	-0.023466	-0.101607	-0.099515	-0.086375	-0.090967	-0.012172	-0.079579	-0.028689	-0.100237	-0.015801	-0.100116	-0.093035	-0.095146	
0.020484	0.148918	0.096939	0.041289	0.167279	0.119151	0.023940	0.016809	0.156659	0.010148	0.011541	0.166344	0.165658	1.058787	0.150478	-0.010470	0.004918	0.009911	0.149834	0.019975	-0.066642	0.008824	-0.067497	-0.063882	0.074967	-0.005465	-0.005458	-0.006722	0.038517	-0.056360	0.044102	0.139082	0.008021	0.012372	0.142231	-0.007806	-0.014288	0.032188	0.010343	0.029743	0.013473	0.001928	-0.022401	0.020465	-0.054310	-0.056160	-0.045316	-0.045383	-0.053882	-0.043281	-0.055067	-0.043250	-0.066162	-0.060718	-0.067050	-0.001719	-0.008304	-0.068648	-0.029931	-0.056781	-0.066648	-0.064914	-0.060500	-0.038595	-0.072624	-0.073010	-0.062665	-0.057997	-0.082534	-0.062395	-0.019168	-0.059577	-0.069152	-0.027639	-0.026220	-0.064869	-0.074986	-0.075198	-0.078425	-0.083549	0.009559	-0.088918	-0.079637	-0.086693	-0.085348	0.006913	-0.086337	-0.004215	-0.063108	-0.011844	-0.079806	-0.087729	-0.084249	
0.030640	-0.001074	0.042500	0.012256	0.025222	0.027950	0.034982	0.031423	0.022311	0.009048	0.002511	0.024325	0.028554	0.150478	1.048194	0.004074	-0.002136	0.006878	0.025504	0.013943	-0.080124	0.036703	-0.082798	-0.073956	0.071666	0.014560	-0.003052	0.009369	0.112543	-0.082722	0.046746	0.373945	0.033730	0.043165	0.250793	0.003005	-0.003932	0.044473	-0.003194	0.063724	0.004641	-0.004879	0.040267	-0.002200	-0.064062	-0.056619	-0.052110	-0.053297	-0.041069	-0.044001	-0.066735	-0.049080	-0.071039	-0.047474	-0.082840	-0.003930	-0.002365	-0.075007	0.000518	-0.084985	-0.085572	-0.069109	-0.075951	-0.046538	-0.088071	-0.083155	-0.077071	-0.087196	-0.083462	-0.075838	-0.004564	-0.079317	-0.064650	0.003640	-0.011842	-0.085602	-0.046522	-0.039849	-0.042136	-0.041337	0.030113	-0.064620	-0.053406	-0.053617	-0.045695	0.011318	-0.048651	0.026865	-0.042918	0.012566	-0.043829	-0.057986	-0.042474	
-0.009750	-0.037672	-0.018086	-0.003237	-0.031697	-0.000175	-0.008533	-0.018705	-0.020327	0.081689	0.028472	-0.027133	-0.027233	-0.010470	0.004074	1.016127	0.020750	0.029718	-0.026565	-0.019333	-0.040921	0.020067	-0.038529	-0.040223	0.009765	0.488744	0.506472	0.498501	-0.008118	-0.055781	0.010586	0.009488	0.026309	0.030840	0.025405	0.006882	-0.004925	0.060108	0.001192	0.045883	-0.011070	0.002918	-0.024028	-0.003114	-0.056454	-0.062188	-0.060893	-0.057258	-0.067160	-0.060131	-0.061932	-0.052414	-0.037311	-0.048089	-0.044087	-0.009322	-0.011403	-0.043738	-0.013234	-0.043176	-0.056950	-0.059669	-0.052305	-0.058585	-0.036228	-0.043379	-0.042275	-0.038637	-0.029909	-0.044369	-0.013804	-0.049153	-0.049877	-0.004827	-0.009411	-0.045863	-0.090100	-0.084986	-0.087207	-0.090376	-0.003013	-0.076233	-0.073578	-0.095710	-0.076993	-0.032692	-0.090228	-0.028414	-0.083394	-0.013046	-0.081868	-0.082764	-0.082407	
0.006620	-0.014375	0.006769	0.025906	-0.011502	-0.003033	0.014127	0.017330	0.003306	0.036420	0.044146	0.011776	-0.013458	0.004918	-0.002136	0.020750	1.013269	0.040386	-0.000189	0.022602	-0.058204	0.012583	-0.056499	-0.045885	0.006541	0.012372	0.014214	0.013552	0.023395	-0.066180	0.010589	-0.001449	0.025848	0.036368	-0.012156	0.041238	0.043220	0.001864	0.031775	0.010267	0.065492	0.063790	-0.024854	0.044522	0.055396	0.043608	0.047933	0.026349	0.049532	0.049819	0.044737	0.053182	-0.041519	0.043788	-0.059952	0.015139	0.012556	-0.053748	0.005516	-0.053486	-0.069510	-0.049009	-0.054019	0.045664	-0.051861	-0.051395	-0.057105	-0.052565	-0.059505	-0.058648	0.018401	-0.056622	-0.053194	0.009482	0.022649	-0.055873	-0.088555	-0.083814	-0.079280	-0.086315	0.062531	-0.083311	-0.082397	-0.085259	-0.088152	0.028893	-0.083868	-0.033300	-0.090548	-0.032166	-0.085339	-0.085862	-0.080110	
0.014255	-0.023732	0.003590	0.011836	-0.024505	0.004375	0.019237	0.004007	-0.008965	0.057861	0.051086	-0.021328	-0.008900	0.009911	0.006878	0.029718	0.040386	0.978028	-0.014697	0.034989	-0.012796	0.072196	-0.016138	-0.011934	-0.002308	0.030625	0.028999	0.040308	0.020425	-0.015527	0.040180	-0.011773	-0.017885	0.001126	0.004575	-0.019917	0.001162	0.012623	0.000798	0.028508	-0.007771	0.009602	-0.011553	0.042516	-0.026120	-0.025631	-0.025260	-0.005463	-0.035507	-0.033765	-0.011096	-0.026991	-0.011903	-0.032769	-0.008657	-0.019580	-0.010065	0.000199	-0.003953	-0.017939	-0.011028	-0.016411	-0.022288	-0.019054	-0.026744	-0.010075	-0.011224	-0.002451	-0.002882	0.005524	-0.032805	-0.011080	-0.001515	-0.003319	-0.014725	-0.008309	-0.078864	-0.077312	-0.070473	-0.066776	0.033620	-0.077983	-0.083953	-0.070242	-0.071303	0.000679	-0.070118	-0.002257	-0.068818	0.006198	-0.069284	-0.073950	-0.068832	
-0.008404	0.506176	0.312232	-0.005324	0.499826	0.349215	0.014865	0.017997	0.529833	0.017167	-0.026258	0.511992	0.524438	0.149834	0.025504	-0.026565	-0.000189	-0.014697	1.088913	-0.022732	-0.107121	-0.034572	-0.096162	-0.084270	0.077442	-0.033021	-0.027983	-0.021440	0.010550	-0.098568	-0.018280	0.039037	0.021041	-0.007820	0.019371	-0.010863	-0.010705	0.001255	-0.020058	0.042968	-0.009795	-0.019228	-0.003789	0.005796	-0.097327	-0.087644	-0.080887	-0.091696	-0.093519	-0.087080	-0.099579	-0.103789	-0.094470	-0.113967	-0.087822	-0.014191	-0.016325	-0.106507	-0.013030	-0.094360	-0.102790	-0.102107	-0.088360	-0.089418	-0.096904	-0.107854	-0.090291	-0.093365	-0.099885	-0.085662	-0.018393	-0.094236	-0.095616	-0.031590	-0.019835	-0.100557	-0.081192	-0.087813	-0.072731	-0.088759	-0.025924	-0.106320	-0.089669	-0.094952	-0.100350	-0.025054	-0.084093	-0.017937	-0.094266	-0.024160	-0.099191	-0.089845	-0.094698	
0.028124	-0.030202	0.003472	0.026767	-0.008775	0.006136	0.034690	0.037192	-0.014002	0.037260	0.007640	-0.008950	-0.018442	0.019975	0.013943	-0.019333	0.022602	0.034989	-0.022732	1.092169	-0.077829	0.020650	-0.074186	-0.071514	0.052700	-0.014280	0.000194	0.013901	0.032678	-0.065435	0.012613	0.026819	0.051009	0.045883	0.010215	0.010584	0.014941	0.016948	0.020590	0.031475	0.019358	0.022048	0.010292	0.052600	0.000277	-0.005717	0.007508	0.013429	-0.001873	0.002146	-0.006537	-0.003600	-0.071317	0.015232	-0.074184	0.037744	0.019560	-0.072437	0.022060	-0.066252	-0.078054	-0.074237	-0.075646	0.004596	-0.064944	-0.066188	-0.077819	-0.077410	-0.066341	-0.053802	0.005255	-0.064218	-0.070959	0.020076	0.033955	-0.073934	-0.049257	-0.053072	-0.038485	-0.040908	0.066595	-0.048174	-0.047898	-0.069610	-0.048978	0.050672	-0.044757	0.029788	-0.039716	0.027638	-0.048827	-0.050043	-0.049194	
-0.080519	-0.107544	-0.089994	-0.071614	-0.099785	-0.091612	-0.074635	-0.081061	-0.107896	-0.037861	-0.045139	-0.114049	-0.109749	-0.066642	-0.080124	-0.040921	-0.058204	-0.012796	-0.107121	-0.077829	0.748277	-0.025003	0.312879	0.297489	-0.070914	-0.053306	-0.053289	-0.045255	-0.078893	0.305923	-0.029933	-0.065334	-0.075441	-0.075085	-0.045235	-0.090281	-0.078910	-0.034321	-0.085693	-0.022041	-0.091341	-0.082187	-0.099548	-0.063198	-0.119579	-0.123631	-0.109877	-0.110858	-0.107883	-0.119066	-0.108679	-0.122327	0.281411	-0.120858	0.278795	-0.097617	-0.097926	0.285547	-0.100999	0.284588	0.282328	0.304336	0.304275	-0.106818	0.271396	0.286330	0.292209	0.288288	0.294701	0.287931	-0.105585	0.287633	0.292537	-0.095982	-0.092127	0.303917	-0.132126	-0.126359	-0.125421	-0.124058	-0.054946	-0.127831	-0.125192	-0.117868	-0.136083	-0.088512	-0.126907	-0.097353	-0.119596	-0.099462	-0.128158	-0.124150	-0.117294	
0.004360	-0.014627	-0.000438	0.036842	-0.030735	-0.015189	0.023381	0.002924	-0.024050	0.047629	0.026077	-0.034347	-0.014900	0.008824	0.036703	0.020067	0.012583	0.072196	-0.034572	0.020650	-0.025003	1.073445	-0.028428	-0.027447	0.006049	0.026635	0.024353	0.019106	0.069946	-0.032376	0.038452	0.048161	-0.008512	0.026847	0.052612	0.010332	0.019182	0.075312	0.037153	0.030463	0.011163	0.031779	-0.013482	0.006879	0.008283	-0.024299	-0.016160	-0.024691	-0.012283	-0.025390	-0.021722	-0.025349	-0.040492	-0.005808	-0.043235	-0.006654	0.003639	-0.031889	-0.004952	-0.033883	-0.018508	-0.027878	-0.048103	-0.011901	-0.042795	-0.023909	-0.031407	-0.037581	-0.029915	-0.031874	0.005028	-0.043242	-0.041381	-0.010988	0.000783	-0.024373	-0.059276	-0.071958	-0.070712	-0.077326	0.022771	-0.066208	-0.068213	-0.065853	-0.081111	0.007803	-0.061425	-0.011987	-0.079669	0.002697	-0.064593	-0.078944	-0.077705	
-0.069721	-0.101034	-0.095768	-0.064327	-0.095141	-0.083857	-0.074512	-0.069149	-0.109656	-0.032777	-0.061163	-0.110599	-0.106712	-0.067497	-0.082798	-0.038529	-0.056499	-0.016138	-0.096162	-0.074186	0.312879	-0.028428	0.769052	0.298487	-0.067545	-0.041092	-0.043366	-0.045890	-0.066423	0.314600	-0.039052	-0.075885	-0.062880	-0.066290	-0.065769	-0.086716	-0.082675	-0.037798	-0.084266	-0.043595	-0.091510	-0.087071	-0.109852	-0.070566	-0.115993	-0.116285	-0.117736	-0.116430	-0.116619	-0.125187	-0.107684	-0.119277	0.292605	-0.123433	0.282310	-0.109889	-0.110109	0.321906	-0.101962	0.283586	0.303695	0.293815	0.294980	-0.116607	0.292978	0.307879	0.304992	0.297911	0.305330	0.303606	-0.117074	0.308943	0.300806	-0.108550	-0.107547	0.301759	-0.134024	-0.138191	-0.129342	-0.131969	-0.063391	-0.133177	-0.139721	-0.132275	-0.146615	-0.093566	-0.140488	-0.096826	-0.127422	-0.090174	-0.136878	-0.140261	-0.123838	
-0.091867	-0.106709	-0.085816	-0.057430	-0.086763	-0.072383	-0.088022	-0.082772	-0.102198	-0.040304	-0.042645	-0.096685	-0.097845	-0.063882	-0.073956	-0.040223	-0.045885	-0.011934	-0.084270	-0.071514	0.297489	-0.027447	0.298487	0.722010	-0.070594	-0.045109	-0.048634	-0.038209	-0.068658	0.298639	-0.049000	-0.072448	-0.065588	-0.057335	-0.051585	-0.087367	-0.086917	-0.047624	-0.093891	-0.041864	-0.095341	-0.088748	-0.101851	-0.068877	-0.116598	-0.110367	-0.109947	-0.111180	-0.112204	-0.116325	-0.113625	-0.120149	0.283884	-0.118257	0.272211	-0.114882	-0.103086	0.285640	-0.116014	0.278745	0.305396	0.304633	0.293288	-0.107270	0.292383	0.275508	0.290892	0.292804	0.290799	0.299359	-0.109668	0.295901	0.286334	-0.102469	-0.105327	0.290359	-0.127331	-0.122969	-0.118618	-0.126700	-0.050011	-0.131111	-0.126903	-0.121319	-0.129715	-0.100525	-0.128016	-0.097962	-0.115729	-0.086678	-0.131112	-0.121671	-0.125880	
0.024387	0.099200	0.061006	0.070431	0.076279	0.052767	0.044007	0.036543	0.070349	0.008621	0.053054	0.074920	0.076154	0.074967	0.071666	0.009765	0.006541	-0.002308	0.077442	0.052700	-0.070914	0.006049	-0.067545	-0.070594	1.040007	0.020571	0.022773	0.020236	0.026918	-0.065217	0.052341	0.097265	0.052867	0.046342	0.072661	0.002819	0.008161	0.030881	-0.000481	-0.011318	0.005132	0.000159	0.028608	0.001767	-0.062954	-0.068591	-0.059540	-0.076235	-0.053568	-0.067889	-0.049799	-0.067937	-0.068677	-0.064194	-0.069349	-0.001969	0.031311	-0.071944	0.030640	-0.063276	-0.080954	-0.068323	-0.074810	-0.057236	-0.069345	-0.062050	-0.069039	-0.063768	-0.063989	-0.078520	0.002328	-0.075900	-0.080934	0.004554	0.017654	-0.068505	-0.048391	-0.048778	-0.045368	-0.042944	0.009812	-0.053094	-0.047535	-0.049555	-0.048459	0.000205	-0.046821	0.005384	-0.034867	0.004607	-0.050446	-0.049848	-0.050629	
0.004539	-0.034419	-0.013892	-0.011014	-0.036852	-0.019879	-0.007191	0.000440	-0.019262	0.069745	0.036021	-0.025397	-0.017904	-0.005465	0.014560	0.488744	0.012372	0.030625	-0.033021	-0.014280	-0.053306	0.026635	-0.041092	-0.045109	0.020571	1.032940	0.484115	0.495337	0.004847	-0.045860	0.007954	-0.001212	0.026772	0.014346	0.028128	0.008124	-0.005333	0.081935	0.003049	0.044973	-0.010244	-0.002866	-0.039045	0.006419	-0.055563	-0.051593	-0.056061	-0.062562	-0.053166	-0.050730	-0.062178	-0.065476	-0.039610	-0.042763	-0.049026	-0.003843	-0.002547	-0.044468	-0.004951	-0.044186	-0.056419	-0.052500	-0.045159	-0.050689	-0.040692	-0.043281	-0.048107	-0.043117	-0.036738	-0.050576	-0.008283	-0.043445	-0.050150	0.020898	0.006295	-0.046656	-0.085839	-0.093628	-0.094425	-0.094497	0.004455	-0.088852	-0.080491	-0.096928	-0.079953	-0.022942	-0.097215	-0.022847	-0.104960	-0.045201	-0.088067	-0.083260	-0.100244	
-0.014309	-0.027363	-0.014470	0.000970	-0.033575	0.003996	-0.014717	-0.007294	-0.034670	0.065572	0.015072	-0.036288	-0.043732	-0.005458	-0.003052	0.506472	0.014214	0.028999	-0.027983	0.000194	-0.053289	0.024353	-0.043366	-0.048634	0.022773	0.484115	1.044150	0.506148	-0.016827	-0.063516	-0.000610	0.000705	0.022504	0.014278	0.028933	0.001915	-0.003556	0.059959	0.003243	0.028057	-0.013691	-0.003397	-0.022655	0.024420	-0.056294	-0.060611	-0.056834	-0.065696	-0.066983	-0.054059	-0.062526	-0.054327	-0.047380	-0.057496	-0.048026	0.017738	0.008049	-0.042034	-0.004867	-0.044185	-0.046557	-0.060697	-0.045516	-0.049350	-0.046604	-0.054580	-0.041326	-0.047328	-0.043739	-0.048938	0.014890	-0.053396	-0.053483	0.001938	0.013508	-0.057735	-0.082809	-0.091509	-0.079591	-0.084455	0.001952	-0.086785	-0.090768	-0.083718	-0.066772	-0.025761	-0.087211	-0.022719	-0.093106	-0.027951	-0.083878	-0.070489	-0.075635	
-0.004245	-0.031127	-0.013987	0.007740	-0.030644	-0.007100	-0.024539	-0.003570	-0.020857	0.070760	0.030979	-0.023960	-0.031775	-0.006722	0.009369	0.498501	0.013552	0.040308	-0.021440	0.013901	-0.045255	0.019106	-0.045890	-0.038209	0.020236	0.495337	0.506148	1.071120	-0.016786	-0.050176	0.012784	-0.000551	-0.002854	0.009209	0.031738	0.011568	0.002765	0.051770	0.007026	0.039860	-0.021933	0.007214	-0.028123	0.008635	-0.056633	-0.055504	-0.055782	-0.061198	-0.069631	-0.043945	-0.066121	-0.063727	-0.043574	-0.048217	-0.052526	0.007653	0.001885	-0.049836	0.005945	-0.055116	-0.051993	-0.059323	-0.046842	-0.054381	-0.037805	-0.049111	-0.045657	-0.054108	-0.034202	-0.047840	-0.010417	-0.043999	-0.055997	0.000134	0.001097	-0.062103	-0.088974	-0.084718	-0.096625	-0.087017	0.003247	-0.089019	-0.092121	-0.089362	-0.084066	-0.023429	-0.100790	-0.028172	-0.086983	-0.035932	-0.096328	-0.083191	-0.085963	
0.034603	-0.014822	0.021165	0.005931	0.020401	0.033761	0.030877	0.019335	0.004227	0.038810	0.003082	0.018123	0.015233	0.038517	0.112543	-0.008118	0.023395	0.020425	0.010550	0.032678	-0.078893	0.069946	-0.066423	-0.068658	0.026918	0.004847	-0.016827	-0.016786	1.066263	-0.059417	0.027829	0.097186	0.029406	0.058267	0.082224	0.011913	0.011519	-0.001545	0.004672	0.022389	-0.001270	0.017974	0.022301	0.019778	-0.045623	-0.042603	-0.030554	-0.021721	-0.012442	-0.026862	-0.045871	-0.026606	-0.056212	-0.042223	-0.061407	0.006131	0.011126	-0.056365	0.015102	-0.060840	-0.060918	-0.073721	-0.069041	-0.025882	-0.062271	-0.057247	-0.055987	-0.062209	-0.068985	-0.072936	0.006477	-0.070586	-0.062166	0.020202	0.015246	-0.064521	-0.029540	-0.047334	-0.048269	-0.043431	0.024765	-0.044993	-0.031477	-0.028687	-0.034364	0.008174	-0.037182	0.009568	-0.048037	0.020752	-0.051016	-0.047720	-0.043017	
-0.075429	-0.099660	-0.088364	-0.063595	-0.096058	-0.084351	-0.082900	-0.081183	-0.111856	-0.040914	-0.058557	-0.109788	-0.108364	-0.056360	-0.082722	-0.055781	-0.066180	-0.015527	-0.098568	-0.065435	0.305923	-0.032376	0.314600	0.298639	-0.065217	-0.045860	-0.063516	-0.050176	-0.059417	0.761974	-0.052085	-0.075620	-0.067794	-0.062325	-0.061432	-0.090931	-0.094808	-0.045159	-0.094447	-0.037306	-0.094078	-0.086322	-0.101687	-0.069392	-0.116072	-0.113616	-0.111593	-0.111879	-0.114016	-0.119246	-0.104312	-0.109936	0.275846	-0.120747	0.295230	-0.103739	-0.100176	0.307509	-0.096732	0.292474	0.305333	0.306742	0.292540	-0.109315	0.298920	0.286669	0.285753	0.297353	0.274517	0.290687	-0.112696	0.320596	0.266812	-0.094833	-0.101513	0.311134	-0.132177	-0.134686	-0.124463	-0.132455	-0.064126	-0.131142	-0.132299	-0.128840	-0.137458	-0.085511	-0.130089	-0.087656	-0.116939	-0.073282	-0.132596	-0.129976	-0.128162	
0.029036	-0.021586	0.015211	0.033573	-0.009040	0.000620	0.017423	0.032481	-0.015028	0.035484	0.019965	-0.004375	-0.001357	0.044102	0.046746	0.010586	0.010589	0.040180	-0.018280	0.012613	-0.029933	0.038452	-0.039052	-0.049000	0.052341	0.007954	-0.000610	0.012784	0.027829	-0.052085	1.006651	0.063043	0.010628	0.023737	0.066092	-0.004742	-0.018908	0.129892	-0.015963	-0.018980	-0.008760	-0.005316	0.027090	0.019682	-0.044823	-0.037974	-0.042530	-0.057825	-0.056122	-0.049679	-0.057853	-0.048368	-0.050391	-0.055211	-0.032413	-0.023723	-0.018256	-0.040771	-0.032630	-0.037872	-0.044431	-0.043305	-0.034778	-0.029649	-0.036843	-0.032217	-0.045923	-0.034316	-0.040125	-0.045115	-0.025799	-0.044195	-0.048339	-0.028629	-0.010843	-0.044700	-0.034493	-0.026353	-0.025252	-0.022454	0.032329	-0.020755	-0.033319	-0.039421	-0.027891	-0.015582	-0.028444	0.022113	-0.030887	0.023173	-0.022389	-0.034814	-0.004794	
0.008276	0.020495	0.032080	0.009854	0.029791	0.025417	0.011132	0.008376	0.027549	0.004340	0.004800	0.018330	0.046251	0.139082	0.373945	0.009488	-0.001449	-0.011773	0.039037	0.026819	-0.065334	0.048161	-0.075885	-0.072448	0.097265	-0.001212	0.000705	-0.000551	0.097186	-0.075620	0.063043	1.036322	0.024760	0.018803	0.250063	0.003892	-0.004811	0.068937	0.007263	0.059296	-0.009095	-0.006738	0.017818	-0.006763	-0.059015	-0.052152	-0.053794	-0.053539	-0.048965	-0.045801	-0.062235	-0.037949	-0.074416	-0.063153	-0.071684	-0.020582	-0.020694	-0.066978	-0.021122	-0.086284	-0.089908	-0.070324	-0.066167	-0.051516	-0.072832	-0.072614	-0.069728	-0.072460	-0.069387	-0.077360	-0.016135	-0.069647	-0.076618	-0.007680	-0.029480	-0.077887	-0.043527	-0.045950	-0.047093	-0.028480	0.015976	-0.036361	-0.049751	-0.044629	-0.037785	0.008713	-0.042747	0.022145	-0.036432	0.010895	-0.041917	-0.042081	-0.034152	
0.060833	0.017324	0.027587	0.028176	0.028007	0.026127	0.071294	0.083104	0.020832	0.020652	0.018902	0.030116	0.013149	0.008021	0.033730	0.026309	0.025848	-0.017885	0.021041	0.051009	-0.075441	-0.008512	-0.062880	-0.065588	0.052867	0.026772	0.022504	-0.002854	0.029406	-0.067794	0.010628	0.024760	1.089597	0.013194	0.029360	0.024185	0.010568	0.019785	0.045558	0.023651	0.022907	0.028781	0.003690	0.030652	-0.032822	-0.020007	-0.033880	-0.018963	-0.020990	-0.039019	-0.022154	-0.029317	-0.064030	-0.036205	-0.060221	0.005103	-0.009322	-0.062344	0.000609	-0.057819	-0.070225	-0.070825	-0.069398	-0.020456	-0.060672	-0.072903	-0.067517	-0.065346	-0.067192	-0.066022	0.009671	-0.064311	-0.059234	-0.011555	0.002394	-0.056245	-0.056613	-0.039456	-0.035144	-0.020256	0.021588	-0.053392	-0.047507	-0.059075	-0.054998	0.043657	-0.053173	0.009051	-0.042215	0.030999	-0.058711	-0.053350	-0.037395	
0.029194	-0.039931	0.017361	0.070655	-0.006004	0.007957	0.016788	0.027388	-0.006511	0.023576	0.009328	-0.003578	-0.000221	0.012372	0.043165	0.030840	0.036368	0.001126	-0.007820	0.045883	-0.075085	0.026847	-0.066290	-0.057335	0.046342	0.014346	0.014278	0.009209	0.058267	-0.062325	0.023737	0.018803	0.013194	1.046822	0.030261	0.012785	0.019864	0.017521	-0.016790	0.021771	0.007544	0.020480	0.002950	0.022527	-0.026479	-0.032970	-0.044355	-0.029429	-0.026728	-0.028190	-0.026968	-0.031842	-0.053733	-0.032600	-0.051381	0.030057	0.010763	-0.059292	0.025452	-0.056014	-0.045943	-0.058780	-0.061071	-0.038492	-0.066909	-0.063889	-0.054878	-0.048747	-0.070772	-0.051125	0.020355	-0.059879	-0.059685	-0.000698	0.006615	-0.057179	-0.041532	-0.028713	-0.032092	-0.031879	-0.023903	-0.014064	-0.041221	-0.023790	-0.021959	0.007709	-0.027771	0.017550	-0.019372	0.030402	-0.030128	-0.041012	-0.033516	
0.008815	-0.024371	0.052451	0.021280	0.031840	0.036816	0.002227	0.004129	0.025666	0.005995	0.021786	0.009044	0.044090	0.142231	0.250793	0.025405	-0.012156	0.004575	0.019371	0.010215	-0.045235	0.052612	-0.065769	-0.051585	0.072661	0.028128	0.028933	0.031738	0.082224	-0.061432	0.066092	0.250063	0.029360	0.030261	1.046556	-0.011968	-0.002589	0.041083	-0.012316	0.072693	-0.014445	-0.010780	-0.005536	-0.002286	-0.053812	-0.037807	-0.032101	-0.053412	-0.041879	-0.030721	-0.027076	-0.043571	-0.055856	-0.050409	-0.050263	-0.028940	-0.024036	-0.059948	-0.022666	-0.051163	-0.060007	-0.060654	-0.062695	-0.030367	-0.063143	-0.059554	-0.059692	-0.054688	-0.050580	-0.068744	-0.011720	-0.059174	-0.058361	-0.020253	-0.021369	-0.058179	-0.056034	-0.053159	-0.063474	-0.059567	0.010884	-0.070692	-0.069381	-0.070355	-0.064015	0.013316	-0.063112	0.013784	-0.055279	-0.005564	-0.053906	-0.072595	-0.058285	
0.011519	-0.017090	0.009925	0.010740	-0.014174	-0.008346	-0.006183	0.006619	-0.000534	0.028177	0.049916	-0.004614	-0.007974	-0.007806	0.003005	0.006882	0.041238	-0.019917	-0.010863	0.010584	-0.090281	0.010332	-0.086716	-0.087367	0.002819	0.008124	0.001915	0.011568	0.011913	-0.090931	-0.004742	0.003892	0.024185	0.012785	-0.011968	1.057919	0.527975	0.009411	0.525201	0.006533	0.546060	0.550725	-0.012704	0.209182	-0.061801	-0.050447	-0.045580	-0.070081	-0.047844	-0.056581	-0.048436	-0.059513	-0.079553	-0.060181	-0.088892	-0.001497	-0.009377	-0.089680	-0.018480	-0.088150	-0.085355	-0.080673	-0.094797	-0.062626	-0.089678	-0.080018	-0.080880	-0.078322	-0.082476	-0.089997	-0.020212	-0.078550	-0.077355	-0.016017	-0.014000	-0.080735	-0.082849	-0.074129	-0.074857	-0.076095	0.049243	-0.086023	-0.088554	-0.079564	-0.091021	0.023472	-0.094019	-0.022575	-0.076673	-0.006289	-0.074026	-0.091633	-0.070014	
0.001135	-0.031528	-0.001918	0.020747	-0.017837	-0.003510	0.013475	0.015649	-0.013616	0.027197	0.068956	-0.006866	-0.019421	-0.014288	-0.003932	-0.004925	0.043220	0.001162	-0.010705	0.014941	-0.078910	0.019182	-0.082675	-0.086917	0.008161	-0.005333	-0.003556	0.002765	0.011519	-0.094808	-0.018908	-0.004811	0.010568	0.019864	-0.002589	0.527975	1.047735	-0.001735	0.487319	0.006869	0.532009	0.550802	0.002442	0.206869	-0.066941	-0.051459	-0.049365	-0.049495	-0.052291	-0.054163	-0.044640	-0.056439	-0.081745	-0.067500	-0.088443	-0.014441	-0.009428	-0.094598	-0.014527	-0.089521	-0.088538	-0.078383	-0.096128	-0.062569	-0.086632	-0.084618	-0.081641	-0.083823	-0.090346	-0.084608	-0.019563	-0.080441	-0.081432	-0.018314	-0.024136	-0.080178	-0.071258	-0.069852	-0.073522	-0.071543	0.031828	-0.073305	-0.068951	-0.077424	-0.076335	0.022941	-0.088776	-0.011170	-0.080261	-0.011989	-0.068976	-0.068819	-0.067390	
0.031512	0.013296	0.015302	0.036325	0.010551	0.000140	0.061706	0.058446	0.014510	0.062724	0.003278	0.009318	-0.005205	0.032188	0.044473	0.060108	0.001864	0.012623	0.001255	0.016948	-0.034321	0.075312	-0.037798	-0.047624	0.030881	0.081935	0.059959	0.051770	-0.001545	-0.045159	0.129892	0.068937	0.019785	0.017521	0.041083	0.009411	-0.001735	1.012252	0.028331	0.033001	0.006848	0.019329	0.005474	0.025404	-0.064231	-0.052236	-0.053977	-0.052649	-0.064614	-0.058280	-0.063165	-0.064242	-0.040022	-0.042311	-0.036991	-0.007380	-0.014169	-0.038697	-0.023496	-0.033284	-0.053016	-0.037408	-0.036087	-0.061055	-0.048634	-0.039969	-0.047614	-0.035740	-0.045652	-0.051767	-0.012691	-0.036888	-0.039568	-0.013902	-0.007261	-0.046549	-0.063336	-0.053958	-0.059572	-0.052410	0.010236	-0.054465	-0.055277	-0.045098	-0.055477	0.011007	-0.055758	0.000578	-0.057395	-0.007523	-0.038381	-0.047375	-0.067416	
0.019435	-0.025779	0.006233	0.033212	-0.021756	0.000145	0.025708	0.011828	-0.025813	0.027104	0.059251	-0.020450	-0.021757	0.010343	-0.003194	0.001192	0.031775	0.000798	-0.020058	0.020590	-0.085693	0.037153	-0.084266	-0.093891	-0.000481	0.003049	0.003243	0.007026	0.004672	-0.094447	-0.015963	0.007263	0.045558	-0.016790	-0.012316	0.525201	0.487319	0.028331	1.063730	0.006247	0.543655	0.512227	0.008899	0.190812	-0.071421	-0.052867	-0.052699	-0.061629	-0.068340	-0.047832	-0.057449	-0.053619	-0.083558	-0.047268	-0.093521	-0.027819	-0.020968	-0.103146	-0.014672	-0.088108	-0.090799	-0.099847	-0.095818	-0.068122	-0.092958	-0.089728	-0.099234	-0.094331	-0.102420	-0.109040	-0.011289	-0.102354	-0.083791	-0.024260	-0.032246	-0.096261	-0.061540	-0.068965	-0.068154	-0.074112	0.017546	-0.087198	-0.079576	-0.092068	-0.091687	0.038861	-0.081551	0.002561	-0.075865	-0.034341	-0.059904	-0.081620	-0.073681	
0.027020	0.051944	0.030199	0.035616	0.046123	0.057054	0.024141	0.019670	0.035239	0.012123	0.010329	0.050728	0.041393	0.029743	0.063724	0.045883	0.010267	0.028508	0.042968	0.031475	-0.022041	0.030463	-0.043595	-0.041864	-0.011318	0.044973	0.028057	0.039860	0.022389	-0.037306	-0.018980	0.059296	0.023651	0.021771	0.072693	0.006533	0.006869	0.033001	0.006247	1.010753	0.009110	-0.004300	-0.013780	0.014272	-0.047322	-0.061078	-0.042721	-0.053678	-0.055827	-0.041189	-0.051732	-0.046960	-0.029667	-0.049223	-0.033697	-0.005250	0.000182	-0.027147	0.004733	-0.028630	-0.038972	-0.029473	-0.026280	-0.051748	-0.016151	-0.033166	-0.028902	-0.032885	-0.034471	-0.030321	-0.004409	-0.025938	-0.033367	0.001429	-0.006707	-0.038528	-0.056213	-0.068317	-0.067605	-0.056696	0.002718	-0.065973	-0.069385	-0.075431	-0.071590	-0.013497	-0.069288	-0.027091	-0.066293	-0.008367	-0.078904	-0.078017	-0.055689	
0.026618	-0.019887	0.013711	0.030693	-0.016329	0.024562	0.020674	0.013583	-0.005236	0.029211	0.070366	-0.009479	0.000145	0.013473	0.004641	-0.011070	0.065492	-0.007771	-0.009795	0.019358	-0.091341	0.011163	-0.091510	-0.095341	0.005132	-0.010244	-0.013691	-0.021933	-0.001270	-0.094078	-0.008760	-0.009095	0.022907	0.007544	-0.014445	0.546060	0.532009	0.006848	0.543655	0.009110	1.084712	0.570696	-0.008447	0.210038	-0.061843	-0.045279	-0.048268	-0.054079	-0.048790	-0.051136	-0.063271	-0.060188	-0.081742	-0.049543	-0.090430	-0.013528	0.004602	-0.097122	-0.009068	-0.095410	-0.093160	-0.086085	-0.093366	-0.063053	-0.096366	-0.086304	-0.085877	-0.083314	-0.092800	-0.090269	-0.012897	-0.086711	-0.083405	-0.018067	-0.025502	-0.090258	-0.090271	-0.086921	-0.088420	-0.079410	0.018393	-0.092925	-0.088600	-0.084200	-0.106671	0.009594	-0.101616	-0.015029	-0.092973	-0.027712	-0.079677	-0.089991	-0.082400	
-0.009710	-0.029581	-0.010358	0.021940	-0.031065	-0.003310	-0.006048	0.000018	-0.012317	0.025190	0.061578	-0.005686	-0.020963	0.001928	-0.004879	0.002918	0.063790	0.009602	-0.019228	0.022048	-0.082187	0.031779	-0.087071	-0.088748	0.000159	-0.002866	-0.003397	0.007214	0.017974	-0.086322	-0.005316	-0.006738	0.028781	0.020480	-0.010780	0.550725	0.550802	0.019329	0.512227	-0.004300	0.570696	1.075726	-0.015248	0.225697	-0.047633	-0.063594	-0.050968	-0.061339	-0.049689	-0.037878	-0.047727	-0.054313	-0.077483	-0.044573	-0.097309	-0.007973	-0.011502	-0.091420	-0.013691	-0.089337	-0.082874	-0.073088	-0.098201	-0.061683	-0.089127	-0.079402	-0.090509	-0.086013	-0.090839	-0.093332	-0.015757	-0.076615	-0.082023	-0.013360	-0.013746	-0.080743	-0.085945	-0.076416	-0.080647	-0.084539	0.037153	-0.097942	-0.084343	-0.089834	-0.097283	0.025597	-0.092647	-0.016608	-0.091140	-0.000686	-0.078206	-0.092579	-0.071307	
-0.003927	0.004075	-0.003677	0.065239	-0.018072	-0.014767	0.000398	-0.007519	-0.006016	0.002557	-0.001307	0.000713	-0.024155	-0.022401	0.040267	-0.024028	-0.024854	-0.011553	-0.003789	0.010292	-0.099548	-0.013482	-0.109852	-0.101851	0.028608	-0.039045	-0.022655	-0.028123	0.022301	-0.101687	0.027090	0.017818	0.003690	0.002950	-0.005536	-0.012704	0.002442	0.005474	0.008899	-0.013780	-0.008447	-0.015248	1.105032	-0.013719	-0.042992	-0.043987	-0.035029	-0.050090	-0.051876	-0.068804	-0.064232	-0.051888	-0.101559	-0.046426	-0.103141	0.014956	0.017556	-0.102990	0.011655	-0.101560	-0.103183	-0.101168	-0.092060	-0.055062	-0.107630	-0.115814	-0.099066	-0.097797	-0.096882	-0.103819	0.012987	-0.109597	-0.097393	0.007777	0.009156	-0.097673	0.073632	0.070788	0.081811	0.074812	-0.007026	0.083506	0.083577	0.075840	0.088290	-0.009190	0.079892	0.110336	0.086495	0.277295	0.093977	0.068279	0.079419	
0.021392	0.018223	0.003573	-0.004491	0.013398	0.017408	0.041143	0.039819	0.028589	0.047263	0.055687	0.028433	0.012755	0.020465	-0.002200	-0.003114	0.044522	0.042516	0.005796	0.052600	-0.063198	0.006879	-0.070566	-0.068877	0.001767	0.006419	0.024420	0.008635	0.019778	-0.069392	0.019682	-0.006763	0.030652	0.022527	-0.002286	0.209182	0.206869	0.025404	0.190812	0.014272	0.210038	0.225697	-0.013719	1.044820	-0.043312	-0.052217	-0.043302	-0.040984	-0.021059	-0.028075	-0.034304	-0.039400	-0.055144	-0.040702	-0.073470	-0.015411	-0.022002	-0.068517	-0.022107	-0.063444	-0.065086	-0.056249	-0.073627	-0.047469	-0.069577	-0.058384	-0.065287	-0.073854	-0.063084	-0.054080	-0.016107	-0.065982	-0.054427	-0.006367	-0.011787	-0.062964	-0.063691	-0.058895	-0.069312	-0.068791	0.051224	-0.077696	-0.063522	-0.074465	-0.063086	0.021883	-0.067854	-0.022095	-0.079533	-0.014810	-0.063059	-0.078547	-0.067838	
