0.948173	0.225230	-0.041261	0.225481	-0.050512	0.368551	-0.069412	-0.066260	0.056974	-0.074259	-0.067597	-0.066351	-0.068243	-0.082495	0.008528	-0.080696	-0.065103	-0.073241	-0.069800	-0.041212	-0.077802	-0.065080	-0.054459	-0.002217	-0.058006	-0.072498	-0.046270	-0.089973	-0.033296	-0.059773	-0.086830	-0.064754	-0.060558	-0.083787	-0.067341	-0.085849	
0.225230	0.950111	-0.048111	0.240813	-0.046677	0.245046	-0.054131	-0.055100	0.035802	-0.032351	-0.053890	-0.056503	-0.057688	-0.053498	-0.018974	-0.043337	-0.049749	-0.047657	-0.054142	-0.043774	-0.037570	-0.036697	-0.050548	-0.028238	-0.051580	-0.084556	-0.042692	-0.076702	-0.046535	-0.054012	-0.083586	-0.062686	-0.054638	-0.078048	-0.065297	-0.089795	
-0.041261	-0.048111	0.988312	-0.044634	-0.000167	-0.045187	-0.018886	-0.003292	-0.040684	-0.043093	-0.026188	-0.029138	-0.029192	-0.033107	-0.013685	-0.055801	-0.052456	-0.027167	-0.060974	-0.010245	-0.003079	-0.047573	0.000672	-0.022592	-0.009853	-0.014676	-0.045414	-0.039595	-0.030549	-0.037382	-0.024765	-0.043701	-0.046342	-0.029388	-0.018082	-0.035819	
0.225481	0.240813	-0.044634	0.936106	-0.051266	0.254355	-0.045831	-0.076673	0.033992	-0.052131	-0.064759	-0.053806	-0.058478	-0.059812	-0.006555	-0.053296	-0.043253	-0.046794	-0.036981	-0.030428	-0.048782	-0.037527	-0.040820	-0.006421	-0.046378	-0.078918	-0.045427	-0.066994	-0.041302	-0.047540	-0.088752	-0.065322	-0.056682	-0.085942	-0.075840	-0.089585	
-0.050512	-0.046677	-0.000167	-0.051266	0.976772	-0.049765	-0.000179	-0.051609	-0.055498	-0.044885	-0.040424	-0.026655	-0.018562	-0.016904	-0.020190	-0.043301	-0.014104	-0.020936	-0.039221	0.020490	-0.020397	-0.034446	-0.006566	-0.038259	-0.040880	-0.032003	-0.029442	-0.021218	-0.026009	-0.026264	-0.037253	-0.034056	-0.013111	-0.049985	-0.022086	-0.048466	
0.368551	0.245046	-0.045187	0.254355	-0.049765	0.928914	-0.059277	-0.057412	0.065794	-0.065048	-0.056793	-0.060874	-0.056484	-0.072686	0.003255	-0.052369	-0.045720	-0.068444	-0.058176	-0.028650	-0.063310	-0.070829	-0.046082	0.007711	-0.043364	-0.071773	-0.038328	-0.083172	-0.056860	-0.042252	-0.092457	-0.076396	-0.062388	-0.087042	-0.072973	-0.076740	
-0.069412	-0.054131	-0.018886	-0.045831	-0.000179	-0.059277	1.016740	-0.034280	-0.044583	-0.066249	-0.020790	0.023194	-0.017144	-0.002433	-0.047247	-0.003259	-0.026306	-0.008162	-0.058326	-0.016849	-0.022149	-0.052712	-0.010355	-0.030352	-0.026640	-0.038283	-0.001163	-0.026510	0.004667	-0.037577	-0.063431	-0.036631	-0.061922	-0.043215	-0.045805	-0.032289	
-0.066260	-0.055100	-0.003292	-0.076673	-0.051609	-0.057412	-0.034280	0.982397	-0.021627	-0.052203	0.022898	-0.001831	-0.044805	-0.027333	-0.014137	-0.021069	-0.055329	-0.030843	-0.043973	-0.041604	-0.023396	-0.056781	-0.050241	-0.016687	0.030944	-0.034975	0.019526	0.016416	-0.007899	-0.051680	-0.059193	0.023049	-0.047303	-0.059595	-0.034965	-0.044070	
0.056974	0.035802	-0.040684	0.033992	-0.055498	0.065794	-0.044583	-0.021627	0.981574	0.044059	-0.059920	-0.036203	-0.056991	-0.019055	-0.006169	-0.041374	-0.031477	-0.029214	0.028647	-0.050129	-0.035415	0.049533	-0.025789	-0.032739	-0.043901	-0.065221	-0.037677	-0.056287	-0.030958	-0.060122	-0.085130	-0.058356	-0.054478	-0.088952	-0.069349	-0.082025	
-0.074259	-0.032351	-0.043093	-0.052131	-0.044885	-0.065048	-0.066249	-0.052203	0.044059	0.963215	-0.053904	-0.075201	-0.064229	-0.021870	-0.005435	-0.052206	0.018178	-0.033705	0.271966	-0.041179	-0.039532	0.163615	-0.028211	-0.013476	-0.053532	-0.052050	-0.054803	-0.050542	-0.064307	-0.043570	-0.069109	-0.046114	-0.048038	-0.076138	-0.057231	-0.067922	
-0.067597	-0.053890	-0.026188	-0.064759	-0.040424	-0.056793	-0.020790	0.022898	-0.059920	-0.053904	0.990832	0.009941	-0.009409	-0.028888	-0.054726	-0.012679	-0.041289	-0.009784	-0.048517	-0.025461	-0.020288	-0.067866	-0.052564	-0.038855	0.017459	-0.063295	0.012933	0.062365	-0.012426	-0.009440	-0.076179	0.028492	-0.014685	-0.082095	-0.049897	-0.073077	
-0.066351	-0.056503	-0.029138	-0.053806	-0.026655	-0.060874	0.023194	-0.001831	-0.036203	-0.075201	0.009941	0.970007	-0.031911	0.025633	-0.048118	-0.012631	-0.036366	0.004314	-0.082042	-0.044534	-0.030983	-0.056816	-0.018773	-0.017113	-0.038540	-0.050332	0.007174	-0.000357	0.032121	-0.022482	-0.057730	-0.022570	-0.029400	-0.068134	-0.033510	-0.029337	
-0.068243	-0.057688	-0.029192	-0.058478	-0.018562	-0.056484	-0.017144	-0.044805	-0.056991	-0.064229	-0.009409	-0.031911	1.002349	-0.041620	-0.014264	-0.025278	-0.028703	-0.061148	-0.052757	-0.010771	-0.021059	-0.044338	-0.053803	-0.029605	-0.026914	-0.035831	-0.026700	-0.009725	-0.032893	0.004854	-0.031161	0.016599	-0.008758	-0.030960	-0.019624	-0.006135	
-0.082495	-0.053498	-0.033107	-0.059812	-0.016904	-0.072686	-0.002433	-0.027333	-0.019055	-0.021870	-0.028888	0.025633	-0.041620	1.000035	-0.055647	-0.036074	-0.025915	-0.000717	-0.021493	-0.046283	-0.010867	-0.034690	0.016770	-0.021541	-0.035730	-0.055563	-0.023895	-0.015541	0.002519	-0.018691	-0.065996	-0.013980	-0.033755	-0.064905	-0.038695	-0.038583	
0.008528	-0.018974	-0.013685	-0.006555	-0.020190	0.003255	-0.047247	-0.014137	-0.006169	-0.005435	-0.054726	-0.048118	-0.014264	-0.055647	1.014559	-0.015431	-0.034517	-0.015862	0.005684	-0.018944	-0.012207	-0.025912	-0.038172	-0.041005	-0.044636	-0.053187	-0.047095	-0.055400	-0.045060	-0.020079	-0.058526	-0.044835	-0.045859	-0.065432	-0.050057	-0.056777	
-0.080696	-0.043337	-0.055801	-0.053296	-0.043301	-0.052369	-0.003259	-0.021069	-0.041374	-0.052206	-0.012679	-0.012631	-0.025278	-0.036074	-0.015431	0.990278	-0.033356	-0.020702	-0.057200	-0.018870	-0.018323	-0.039328	0.042105	0.024766	-0.009211	-0.063485	-0.019759	-0.033058	0.019403	-0.018364	-0.063222	-0.020763	-0.039890	-0.059975	-0.055745	-0.053797	
-0.065103	-0.049749	-0.052456	-0.043253	-0.014104	-0.045720	-0.026306	-0.055329	-0.031477	0.018178	-0.041289	-0.036366	-0.028703	-0.025915	-0.034517	-0.033356	1.031035	-0.032797	0.031007	-0.020578	-0.016422	-0.005575	-0.043029	-0.035131	-0.015546	-0.046955	-0.032057	-0.045209	-0.043747	-0.004801	-0.043123	-0.023072	-0.039005	-0.043886	-0.031316	-0.053297	
-0.073241	-0.047657	-0.027167	-0.046794	-0.020936	-0.068444	-0.008162	-0.030843	-0.029214	-0.033705	-0.009784	0.004314	-0.061148	-0.000717	-0.015862	-0.020702	-0.032797	1.025622	-0.013455	-0.052164	-0.037656	-0.008796	0.073354	-0.046482	-0.060587	-0.042231	-0.028126	-0.044496	-0.011864	-0.058187	-0.041012	-0.036502	-0.052954	-0.051580	-0.044560	-0.028266	
-0.069800	-0.054142	-0.060974	-0.036981	-0.039221	-0.058176	-0.058326	-0.043973	0.028647	0.271966	-0.048517	-0.082042	-0.052757	-0.021493	0.005684	-0.057200	0.031007	-0.013455	0.999997	-0.044408	-0.055593	0.151617	-0.026499	-0.024105	-0.063856	-0.077846	-0.068007	-0.054612	-0.063501	-0.053067	-0.061342	-0.042533	-0.047045	-0.058078	-0.063216	-0.071637	
-0.041212	-0.043774	-0.010245	-0.030428	0.020490	-0.028650	-0.016849	-0.041604	-0.050129	-0.041179	-0.025461	-0.044534	-0.010771	-0.046283	-0.018944	-0.018870	-0.020578	-0.052164	-0.044408	0.987862	-0.026778	-0.049861	-0.026369	-0.044039	-0.008777	-0.039902	-0.023032	-0.019265	-0.030358	-0.027058	-0.047076	-0.027727	-0.006061	-0.051373	-0.042616	-0.038425	
-0.077802	-0.037570	-0.003079	-0.048782	-0.020397	-0.063310	-0.022149	-0.023396	-0.035415	-0.039532	-0.020288	-0.030983	-0.021059	-0.010867	-0.012207	-0.018323	-0.016422	-0.037656	-0.055593	-0.026778	1.019408	-0.041197	-0.040815	-0.023774	-0.033250	-0.042257	-0.017715	-0.024551	-0.031135	-0.016464	-0.035973	-0.054484	-0.019717	-0.028740	-0.034310	-0.040237	
-0.065080	-0.036697	-0.047573	-0.037527	-0.034446	-0.070829	-0.052712	-0.056781	0.049533	0.163615	-0.067866	-0.056816	-0.044338	-0.034690	-0.025912	-0.039328	-0.005575	-0.008796	0.151617	-0.049861	-0.041197	0.973823	-0.017869	0.005622	-0.047304	-0.056909	-0.066881	-0.059115	-0.022432	-0.038861	-0.070874	-0.037562	-0.041448	-0.065316	-0.057362	-0.064627	
-0.054459	-0.050548	0.000672	-0.040820	-0.006566	-0.046082	-0.010355	-0.050241	-0.025789	-0.028211	-0.052564	-0.018773	-0.053803	0.016770	-0.038172	0.042105	-0.043029	0.073354	-0.026499	-0.026369	-0.040815	-0.017869	0.981433	-0.024830	-0.026150	-0.055611	-0.011180	-0.066691	-0.013241	-0.034085	-0.062936	-0.035163	-0.034233	-0.054488	-0.059412	-0.074053	
-0.002217	-0.028238	-0.022592	-0.006421	-0.038259	0.007711	-0.030352	-0.016687	-0.032739	-0.013476	-0.038855	-0.017113	-0.029605	-0.021541	-0.041005	0.024766	-0.035131	-0.046482	-0.024105	-0.044039	-0.023774	0.005622	-0.024830	0.984015	-0.037748	-0.066796	-0.028132	-0.036652	0.012189	-0.015911	-0.057678	-0.061914	-0.037602	-0.064261	-0.067836	-0.070656	
-0.058006	-0.051580	-0.009853	-0.046378	-0.040880	-0.043364	-0.026640	0.030944	-0.043901	-0.053532	0.017459	-0.038540	-0.026914	-0.035730	-0.044636	-0.009211	-0.015546	-0.060587	-0.063856	-0.008777	-0.033250	-0.047304	-0.026150	-0.037748	0.998574	-0.048880	0.141587	-0.041976	-0.031095	-0.033296	-0.081151	-0.011918	0.002917	-0.085831	-0.055847	-0.072290	
-0.072498	-0.084556	-0.014676	-0.078918	-0.032003	-0.071773	-0.038283	-0.034975	-0.065221	-0.052050	-0.063295	-0.050332	-0.035831	-0.055563	-0.053187	-0.063485	-0.046955	-0.042231	-0.077846	-0.039902	-0.042257	-0.056909	-0.055611	-0.066796	-0.048880	1.056648	-0.054187	-0.058438	-0.072773	-0.025831	0.075244	-0.064701	-0.038415	0.095751	0.068946	0.237733	
-0.046270	-0.042692	-0.045414	-0.045427	-0.029442	-0.038328	-0.001163	0.019526	-0.037677	-0.054803	0.012933	0.007174	-0.026700	-0.023895	-0.047095	-0.019759	-0.032057	-0.028126	-0.068007	-0.023032	-0.017715	-0.066881	-0.011180	-0.028132	0.141587	-0.054187	0.947385	-0.046550	-0.035685	-0.027005	-0.073501	-0.013977	-0.029564	-0.073667	-0.059075	-0.056693	
-0.089973	-0.076702	-0.039595	-0.066994	-0.021218	-0.083172	-0.026510	0.016416	-0.056287	-0.050542	0.062365	-0.000357	-0.009725	-0.015541	-0.055400	-0.033058	-0.045209	-0.044496	-0.054612	-0.019265	-0.024551	-0.059115	-0.066691	-0.036652	-0.041976	-0.058438	-0.046550	1.072132	-0.032657	-0.024110	-0.072287	0.057852	0.097824	-0.064601	-0.036778	-0.058194	
-0.033296	-0.046535	-0.030549	-0.041302	-0.026009	-0.056860	0.004667	-0.007899	-0.030958	-0.064307	-0.012426	0.032121	-0.032893	0.002519	-0.045060	0.019403	-0.043747	-0.011864	-0.063501	-0.030358	-0.031135	-0.022432	-0.013241	0.012189	-0.031095	-0.072773	-0.035685	-0.032657	1.016058	-0.030248	-0.064672	-0.003877	-0.051701	-0.062874	-0.061785	-0.053719	
-0.059773	-0.054012	-0.037382	-0.047540	-0.026264	-0.042252	-0.037577	-0.051680	-0.060122	-0.043570	-0.009440	-0.022482	0.004854	-0.018691	-0.020079	-0.018364	-0.004801	-0.058187	-0.053067	-0.027058	-0.016464	-0.038861	-0.034085	-0.015911	-0.033296	-0.025831	-0.027005	-0.024110	-0.030248	1.004241	-0.034811	-0.032489	-0.006030	-0.039559	-0.023377	-0.018066	
-0.086830	-0.083586	-0.024765	-0.088752	-0.037253	-0.092457	-0.063431	-0.059193	-0.085130	-0.069109	-0.076179	-0.057730	-0.031161	-0.065996	-0.058526	-0.063222	-0.043123	-0.041012	-0.061342	-0.047076	-0.035973	-0.070874	-0.062936	-0.057678	-0.081151	0.075244	-0.073501	-0.072287	-0.064672	-0.034811	1.050678	-0.050939	-0.026128	0.422827	0.109540	0.066297	
-0.064754	-0.062686	-0.043701	-0.065322	-0.034056	-0.076396	-0.036631	0.023049	-0.058356	-0.046114	0.028492	-0.022570	0.016599	-0.013980	-0.044835	-0.020763	-0.023072	-0.036502	-0.042533	-0.027727	-0.054484	-0.037562	-0.035163	-0.061914	-0.011918	-0.064701	-0.013977	0.057852	-0.003877	-0.032489	-0.050939	0.993221	0.043973	-0.069809	-0.043910	-0.052713	
-0.060558	-0.054638	-0.046342	-0.056682	-0.013111	-0.062388	-0.061922	-0.047303	-0.054478	-0.048038	-0.014685	-0.029400	-0.008758	-0.033755	-0.045859	-0.039890	-0.039005	-0.052954	-0.047045	-0.006061	-0.019717	-0.041448	-0.034233	-0.037602	0.002917	-0.038415	-0.029564	0.097824	-0.051701	-0.006030	-0.026128	0.043973	0.991391	-0.049177	-0.037264	-0.039058	
-0.083787	-0.078048	-0.029388	-0.085942	-0.049985	-0.087042	-0.043215	-0.059595	-0.088952	-0.076138	-0.082095	-0.068134	-0.030960	-0.064905	-0.065432	-0.059975	-0.043886	-0.051580	-0.058078	-0.051373	-0.028740	-0.065316	-0.054488	-0.064261	-0.085831	0.095751	-0.073667	-0.064601	-0.062874	-0.039559	0.422827	-0.069809	-0.049177	1.074112	0.106441	0.075835	
-0.067341	-0.065297	-0.018082	-0.075840	-0.022086	-0.072973	-0.045805	-0.034965	-0.069349	-0.057231	-0.049897	-0.033510	-0.019624	-0.038695	-0.050057	-0.055745	-0.031316	-0.044560	-0.063216	-0.042616	-0.034310	-0.057362	-0.059412	-0.067836	-0.055847	0.068946	-0.059075	-0.036778	-0.061785	-0.023377	0.109540	-0.043910	-0.037264	0.106441	1.016082	0.085806	
-0.085849	-0.089795	-0.035819	-0.089585	-0.048466	-0.076740	-0.032289	-0.044070	-0.082025	-0.067922	-0.073077	-0.029337	-0.006135	-0.038583	-0.056777	-0.053797	-0.053297	-0.028266	-0.071637	-0.038425	-0.040237	-0.064627	-0.074053	-0.070656	-0.072290	0.237733	-0.056693	-0.058194	-0.053719	-0.018066	0.066297	-0.052713	-0.039058	0.075835	0.085806	1.108533	
