0.000000	0.212626	0.305556	0.210272	0.308356	0.166896	0.322668	0.314143	0.273012	0.314255	0.313257	0.315043	0.312928	0.317891	0.289520	0.319481	0.313745	0.328921	0.319401	0.307421	0.321572	0.312990	0.306934	0.288914	0.308548	0.315706	0.306603	0.328100	0.303286	0.314547	0.324991	0.309081	0.312566	0.327062	0.313262	0.324041	
0.212626	0.000000	0.305687	0.202146	0.301384	0.203274	0.310680	0.307952	0.277831	0.298003	0.305859	0.308381	0.311250	0.304139	0.295034	0.302257	0.308525	0.311015	0.307569	0.305460	0.304355	0.298886	0.303795	0.296988	0.304232	0.321368	0.303582	0.320597	0.309486	0.309087	0.322121	0.307205	0.307285	0.322054	0.312903	0.324885	
0.305556	0.305687	0.000000	0.305665	0.292481	0.303788	0.302513	0.292471	0.306982	0.307593	0.302575	0.301654	0.304108	0.303417	0.300876	0.311035	0.314082	0.306480	0.316433	0.297457	0.294661	0.308807	0.292209	0.302569	0.295890	0.302547	0.306377	0.309713	0.306652	0.306736	0.303397	0.304827	0.307884	0.308088	0.298851	0.312109	
0.210272	0.202146	0.305665	0.000000	0.304598	0.201089	0.305619	0.316087	0.276928	0.304412	0.308437	0.306734	0.311155	0.307419	0.288905	0.306151	0.306795	0.309247	0.301809	0.301053	0.304818	0.300651	0.302313	0.290459	0.301917	0.319560	0.301518	0.315066	0.305601	0.305317	0.323022	0.309830	0.305969	0.324188	0.315457	0.325229	
0.308356	0.301384	0.292481	0.304598	0.000000	0.303124	0.293544	0.308185	0.307577	0.304559	0.300958	0.297578	0.297814	0.296237	0.299075	0.304927	0.300767	0.303046	0.304083	0.287277	0.295862	0.304231	0.289332	0.300764	0.303746	0.306095	0.297928	0.305663	0.302040	0.298650	0.307978	0.299847	0.294320	0.315883	0.300059	0.312769	
0.166896	0.203274	0.303788	0.201089	0.303124	0.000000	0.308912	0.306096	0.265392	0.309344	0.305730	0.308590	0.308951	0.310411	0.285201	0.303404	0.306477	0.315231	0.309290	0.300836	0.307990	0.312559	0.302243	0.284818	0.300428	0.315138	0.298682	0.320215	0.309780	0.305046	0.326432	0.310815	0.308727	0.325276	0.312079	0.319318	
0.322668	0.310680	0.302513	0.305619	0.293544	0.308912	0.000000	0.307222	0.307680	0.317714	0.297937	0.284823	0.303158	0.292352	0.310960	0.294069	0.306252	0.302824	0.315734	0.304922	0.301210	0.311606	0.294669	0.302416	0.299467	0.310648	0.291336	0.308924	0.295938	0.308696	0.317917	0.301999	0.314525	0.315409	0.308340	0.313245	
0.314143	0.307952	0.292471	0.316087	0.308185	0.306096	0.307222	0.000000	0.298952	0.308738	0.281247	0.290348	0.309828	0.301387	0.298522	0.297062	0.314448	0.306294	0.306938	0.309294	0.301126	0.311022	0.306837	0.295075	0.282018	0.309691	0.284060	0.292414	0.296040	0.311250	0.315565	0.282311	0.307981	0.316271	0.304301	0.314049	
0.273012	0.277831	0.306982	0.276928	0.307577	0.265392	0.307680	0.298952	0.000000	0.276971	0.311186	0.301631	0.311705	0.297708	0.293700	0.303744	0.306785	0.306057	0.281998	0.310625	0.305169	0.276733	0.297728	0.301250	0.305622	0.318691	0.302932	0.317283	0.305510	0.312960	0.325379	0.308746	0.310106	0.329598	0.316894	0.326249	
0.314255	0.298003	0.307593	0.304412	0.304559	0.309344	0.317714	0.308738	0.276971	0.000000	0.305827	0.314237	0.315056	0.299634	0.291514	0.306873	0.283785	0.304945	0.200102	0.306812	0.303686	0.235818	0.297044	0.293722	0.307413	0.311709	0.307641	0.312382	0.315880	0.304043	0.315395	0.301902	0.306327	0.322262	0.309770	0.319342	
0.313257	0.305859	0.302575	0.308437	0.300958	0.305730	0.297937	0.281247	0.311186	0.305827	0.000000	0.281167	0.293313	0.297031	0.308604	0.291821	0.307037	0.295521	0.308143	0.299176	0.298345	0.313756	0.303788	0.300261	0.283805	0.315777	0.283230	0.281280	0.296982	0.293970	0.319120	0.276539	0.294525	0.323532	0.307979	0.320695	
0.315043	0.308381	0.301654	0.306734	0.297578	0.308590	0.284823	0.290348	0.301631	0.314237	0.281167	0.000000	0.301659	0.281737	0.305884	0.292334	0.306369	0.291580	0.320026	0.307005	0.301316	0.307143	0.293192	0.294596	0.301520	0.310891	0.284483	0.295711	0.283747	0.300097	0.312012	0.293594	0.300934	0.317505	0.302240	0.306739	
0.312928	0.311250	0.304108	0.311155	0.297814	0.308951	0.303158	0.309828	0.311705	0.315056	0.293313	0.301659	0.000000	0.304967	0.302522	0.300621	0.305279	0.315426	0.313222	0.295627	0.303883	0.308421	0.307978	0.301555	0.301733	0.308506	0.301167	0.298566	0.306674	0.292148	0.303404	0.286102	0.290975	0.308530	0.298419	0.302298	
0.317891	0.304139	0.303417	0.307419	0.296237	0.310411	0.292352	0.301387	0.297708	0.299634	0.297031	0.281737	0.304967	0.000000	0.310791	0.305330	0.300337	0.294289	0.300288	0.302513	0.294282	0.306691	0.281621	0.297588	0.304991	0.309829	0.300109	0.299280	0.291951	0.296751	0.315087	0.290885	0.300815	0.318482	0.306154	0.306776	
0.289520	0.295034	0.300876	0.288905	0.299075	0.285201	0.310960	0.298522	0.293700	0.291514	0.308604	0.305884	0.302522	0.310791	0.000000	0.298723	0.305305	0.302135	0.289948	0.303434	0.297205	0.298070	0.303252	0.307197	0.306090	0.313182	0.306605	0.315992	0.310069	0.299037	0.316750	0.305558	0.309076	0.321231	0.309940	0.317486	
0.319481	0.302257	0.311035	0.306151	0.304927	0.303404	0.294069	0.297062	0.303744	0.306873	0.291821	0.292334	0.300621	0.305330	0.298723	0.000000	0.305058	0.303679	0.311586	0.296466	0.295950	0.302925	0.275359	0.285777	0.292996	0.314590	0.296775	0.304310	0.286545	0.297679	0.313938	0.294637	0.302424	0.316230	0.308709	0.316286	
0.313745	0.308525	0.314082	0.306795	0.300767	0.306477	0.306252	0.314448	0.306785	0.283785	0.307037	0.306369	0.305279	0.300337	0.305305	0.305058	0.000000	0.307610	0.283773	0.302622	0.302249	0.294531	0.307866	0.303174	0.301288	0.316480	0.304463	0.315938	0.311099	0.297583	0.312075	0.299356	0.306047	0.316341	0.305887	0.320284	
0.328921	0.311015	0.306480	0.309247	0.303046	0.315231	0.302824	0.306294	0.306057	0.304945	0.295521	0.291580	0.315426	0.294289	0.302135	0.303679	0.307610	0.000000	0.301071	0.316424	0.309954	0.296945	0.268279	0.309613	0.312992	0.313645	0.304099	0.316958	0.301119	0.315746	0.310345	0.302452	0.314196	0.318332	0.308697	0.310359	
0.319401	0.307569	0.316433	0.301809	0.304083	0.309290	0.315734	0.306938	0.281998	0.200102	0.308143	0.320026	0.313222	0.300288	0.289948	0.311586	0.283773	0.301071	0.000000	0.308919	0.309322	0.240322	0.300601	0.300304	0.312332	0.320701	0.314543	0.314929	0.316438	0.310962	0.315402	0.303362	0.306039	0.317555	0.313018	0.323458	
0.307421	0.305460	0.297457	0.301053	0.287277	0.300836	0.304922	0.309294	0.310625	0.306812	0.299176	0.307005	0.295627	0.302513	0.303434	0.296466	0.302622	0.316424	0.308919	0.000000	0.301858	0.309899	0.300317	0.307399	0.293949	0.310974	0.298756	0.303491	0.307559	0.302272	0.311016	0.299679	0.294750	0.316403	0.306041	0.310850	
0.321572	0.304355	0.294661	0.304818	0.295862	0.307990	0.301210	0.301126	0.305169	0.303686	0.298345	0.301316	0.303883	0.294282	0.297205	0.295950	0.302249	0.309954	0.309322	0.301858	0.000000	0.306363	0.304653	0.298177	0.303792	0.311776	0.298395	0.305175	0.305422	0.297400	0.307223	0.308283	0.298007	0.311154	0.304625	0.311253	
0.312990	0.298886	0.308807	0.300651	0.304231	0.312559	0.311606	0.311022	0.276733	0.235818	0.313756	0.307143	0.308421	0.306691	0.298070	0.302925	0.294531	0.296945	0.240322	0.309899	0.306363	0.000000	0.294910	0.288744	0.305777	0.315339	0.315277	0.315810	0.302079	0.303449	0.318434	0.301073	0.304633	0.319508	0.310372	0.319312	
0.306934	0.303795	0.292209	0.302313	0.289332	0.302243	0.294669	0.306837	0.297728	0.297044	0.303788	0.293192	0.307978	0.281621	0.303252	0.275359	0.307866	0.268279	0.300601	0.300317	0.304653	0.294910	0.000000	0.295128	0.296523	0.311539	0.290992	0.316328	0.295880	0.301756	0.313056	0.298043	0.299241	0.314286	0.309272	0.321053	
0.288914	0.296988	0.302569	0.290459	0.300764	0.284818	0.302416	0.295075	0.301250	0.293722	0.300261	0.294596	0.301555	0.297588	0.307197	0.285777	0.303174	0.309613	0.300304	0.307399	0.298177	0.288744	0.295128	0.000000	0.302439	0.316122	0.299652	0.306479	0.288142	0.295485	0.315016	0.306873	0.302515	0.318032	0.314342	0.322117	
0.308548	0.304232	0.295890	0.301917	0.303746	0.300428	0.299467	0.282018	0.305622	0.307413	0.283805	0.301520	0.301733	0.304991	0.306090	0.292996	0.301288	0.312992	0.312332	0.293949	0.303792	0.305777	0.296523	0.302439	0.000000	0.311935	0.243553	0.310832	0.302108	0.301123	0.320929	0.291115	0.289138	0.324116	0.311038	0.320588	
0.315706	0.321368	0.302547	0.319560	0.306095	0.315138	0.310648	0.309691	0.318691	0.311709	0.315777	0.310891	0.308506	0.309829	0.313182	0.314590	0.316480	0.313645	0.320701	0.310974	0.311776	0.315339	0.311539	0.316122	0.311935	0.000000	0.312176	0.320105	0.321573	0.304938	0.272029	0.314055	0.306866	0.269371	0.274792	0.226741	
0.306603	0.303582	0.306377	0.301518	0.297928	0.298682	0.291336	0.284060	0.302932	0.307641	0.283230	0.284483	0.301167	0.300109	0.306605	0.296775	0.304463	0.304099	0.314543	0.298756	0.298395	0.315277	0.290992	0.299652	0.243553	0.312176	0.000000	0.313905	0.304496	0.301367	0.318860	0.292461	0.300644	0.321551	0.312010	0.315714	
0.328100	0.320597	0.309713	0.315066	0.305663	0.320215	0.308924	0.292414	0.317283	0.312382	0.281280	0.295711	0.298566	0.299280	0.315992	0.304310	0.315938	0.316958	0.314929	0.303491	0.305175	0.315810	0.316328	0.306479	0.310832	0.320105	0.313905	0.000000	0.309947	0.306801	0.325642	0.274836	0.266572	0.324007	0.311235	0.323572	
0.303286	0.309486	0.306652	0.305601	0.302040	0.309780	0.295938	0.296040	0.305510	0.315880	0.296982	0.283747	0.306674	0.291951	0.310069	0.286545	0.311099	0.301119	0.316438	0.307559	0.305422	0.302079	0.295880	0.288142	0.302108	0.321573	0.304496	0.309947	0.000000	0.305571	0.318099	0.291301	0.312219	0.320152	0.315865	0.319272	
0.314547	0.309087	0.306736	0.305317	0.298650	0.305046	0.308696	0.311250	0.312960	0.304043	0.293970	0.300097	0.292148	0.296751	0.299037	0.297679	0.297583	0.315746	0.310962	0.302272	0.297400	0.303449	0.301756	0.295485	0.301123	0.304938	0.301367	0.306801	0.305571	0.000000	0.308567	0.299407	0.293968	0.313374	0.299283	0.304382	
0.324991	0.322121	0.303397	0.323022	0.307978	0.326432	0.317917	0.315565	0.325379	0.315395	0.319120	0.312012	0.303404	0.315087	0.316750	0.313938	0.312075	0.310345	0.315402	0.311016	0.307223	0.318434	0.313056	0.315016	0.320929	0.272029	0.318860	0.325642	0.318099	0.308567	0.000000	0.309530	0.302232	0.169627	0.258241	0.280499	
0.309081	0.307205	0.304827	0.309830	0.299847	0.310815	0.301999	0.282311	0.308746	0.301902	0.276539	0.293594	0.286102	0.290885	0.305558	0.294637	0.299356	0.302452	0.303362	0.299679	0.308283	0.301073	0.298043	0.306873	0.291115	0.314055	0.292461	0.274836	0.291301	0.299407	0.309530	0.000000	0.273133	0.317720	0.303586	0.312731	
0.312566	0.307285	0.307884	0.305969	0.294320	0.308727	0.314525	0.307981	0.310106	0.306327	0.294525	0.300934	0.290975	0.300815	0.309076	0.302424	0.306047	0.314196	0.306039	0.294750	0.298007	0.304633	0.299241	0.302515	0.289138	0.306866	0.300644	0.266572	0.312219	0.293968	0.302232	0.273133	0.000000	0.311744	0.302718	0.310391	
0.327062	0.322054	0.308088	0.324188	0.315883	0.325276	0.315409	0.316271	0.329598	0.322262	0.323532	0.317505	0.308530	0.318482	0.321231	0.316230	0.316341	0.318332	0.317555	0.316403	0.311154	0.319508	0.314286	0.318032	0.324116	0.269371	0.321551	0.324007	0.320152	0.313374	0.169627	0.317720	0.311744	0.000000	0.265076	0.280731	
0.313262	0.312903	0.298851	0.315457	0.300059	0.312079	0.308340	0.304301	0.316894	0.309770	0.307979	0.302240	0.298419	0.306154	0.309940	0.308709	0.305887	0.308697	0.313018	0.306041	0.304625	0.310372	0.309272	0.314342	0.311038	0.274792	0.312010	0.311235	0.315865	0.299283	0.258241	0.303586	0.302718	0.265076	0.000000	0.272561	
0.324041	0.324885	0.312109	0.325229	0.312769	0.319318	0.313245	0.314049	0.326249	0.319342	0.320695	0.306739	0.302298	0.306776	0.317486	0.316286	0.320284	0.310359	0.323458	0.310850	0.311253	0.319312	0.321053	0.322117	0.320588	0.226741	0.315714	0.323572	0.319272	0.304382	0.280499	0.312731	0.310391	0.280731	0.272561	0.000000	
