1.065581	-0.000082	0.008875	0.040576	0.022038	0.010841	0.569436	0.538944	0.021315	0.030389	0.006365	-0.001385	0.008814	0.029766	0.028212	-0.018387	0.011226	0.026125	0.009909	0.032648	-0.076949	-0.007452	-0.072346	-0.087756	0.030506	-0.020863	-0.029507	-0.019016	0.019879	-0.081004	0.023867	0.008180	0.075155	0.033762	-0.001069	0.009055	0.017519	0.043411	0.018364	-0.012663	0.013907	0.002605	0.012308	0.018413	-0.058594	-0.043980	-0.041030	-0.038061	-0.050346	-0.046599	-0.044739	-0.039068	-0.083025	-0.053882	-0.070954	-0.012318	-0.006807	-0.078812	-0.001844	-0.070655	-0.069614	-0.077851	-0.082470	-0.045867	-0.079050	-0.076892	-0.073339	-0.085185	-0.076115	-0.074201	0.005330	-0.075063	-0.072850	-0.008873	0.000736	-0.076747	-0.047014	-0.039274	-0.052261	-0.051649	-0.017768	-0.049245	-0.045725	-0.047586	-0.058486	0.004034	-0.061689	0.025931	-0.052253	0.003981	-0.058141	-0.056918	-0.045535	
-0.000082	1.142532	0.325296	-0.002728	0.497831	0.365441	-0.009260	-0.015278	0.467494	0.007885	-0.037188	0.499856	0.495569	0.131525	-0.000925	-0.046806	-0.009037	0.011881	0.505025	-0.026437	-0.092638	-0.038890	-0.103790	-0.105124	0.071644	-0.045655	-0.037689	-0.049961	0.002896	-0.103826	0.015617	0.014074	0.010772	-0.037609	-0.002469	-0.034442	-0.042766	0.036965	-0.028596	0.060791	-0.023664	-0.039540	0.004531	0.017699	-0.084594	-0.076206	-0.086983	-0.079811	-0.095481	-0.079997	-0.082372	-0.084072	-0.092970	-0.094058	-0.109089	-0.047415	-0.060943	-0.102544	-0.035232	-0.085059	-0.083530	-0.097006	-0.102302	-0.078200	-0.098390	-0.110431	-0.095833	-0.095941	-0.102136	-0.096159	-0.045732	-0.093333	-0.094151	-0.042148	-0.049916	-0.094100	-0.078113	-0.091151	-0.080305	-0.087256	-0.018462	-0.079051	-0.073480	-0.091225	-0.100981	-0.014929	-0.077709	-0.025885	-0.091202	-0.022771	-0.086211	-0.078955	-0.085194	
0.008875	0.325296	1.079515	-0.000633	0.316437	0.346769	0.004442	-0.003525	0.327847	0.008229	-0.009476	0.325100	0.326264	0.103051	0.049088	-0.024586	0.003086	-0.009277	0.314405	-0.000060	-0.091035	-0.001195	-0.092811	-0.080725	0.051299	-0.003107	-0.017359	-0.025378	0.027231	-0.087681	0.018232	0.031663	0.029511	0.015258	0.040096	-0.003527	-0.005941	0.013982	-0.007161	0.048922	0.010549	-0.005989	-0.025948	0.029991	-0.064961	-0.068438	-0.076658	-0.065117	-0.082260	-0.069452	-0.071551	-0.073157	-0.084103	-0.076139	-0.090066	-0.010316	-0.023760	-0.090134	-0.008848	-0.084394	-0.081164	-0.089687	-0.088186	-0.070306	-0.092642	-0.088056	-0.084994	-0.087658	-0.090934	-0.084014	-0.025745	-0.088914	-0.091624	-0.024371	-0.015343	-0.075403	-0.066884	-0.074688	-0.065616	-0.061952	-0.016953	-0.074925	-0.077816	-0.074880	-0.081489	0.001129	-0.070451	-0.023381	-0.068026	-0.022704	-0.077868	-0.081949	-0.077771	
0.040576	-0.002728	-0.000633	1.023245	0.007867	-0.001904	0.060594	0.051474	-0.000162	0.028322	0.038603	-0.011028	0.003420	0.015006	0.008448	0.004918	0.042507	0.021408	-0.015432	0.020760	-0.055078	0.036662	-0.041987	-0.056352	0.027833	0.016281	-0.012155	-0.001394	0.039397	-0.050545	0.034399	0.020685	0.039734	0.035311	0.011964	0.019511	0.017973	0.061289	0.017613	0.030469	0.021714	0.021577	0.031536	0.016934	-0.037226	-0.028394	-0.033765	-0.023326	-0.036538	-0.030000	-0.023516	-0.028081	-0.054593	-0.026734	-0.058293	-0.003613	-0.015871	-0.060921	-0.009982	-0.054938	-0.063463	-0.056720	-0.047001	-0.021269	-0.052058	-0.051038	-0.062126	-0.049285	-0.053905	-0.051017	-0.018351	-0.057882	-0.052018	-0.001769	-0.004745	-0.047549	-0.044660	-0.033346	-0.028769	-0.027650	0.010969	-0.033691	-0.037757	-0.049445	-0.041833	0.010088	-0.028427	0.017913	-0.022038	0.013546	-0.039090	-0.035695	-0.029567	
0.022038	0.497831	0.316437	0.007867	1.127228	0.338576	0.019158	0.005634	0.527654	0.015571	-0.031187	0.516084	0.530394	0.133766	0.018506	-0.045321	-0.010162	-0.012401	0.502251	-0.009306	-0.098772	-0.035118	-0.099633	-0.089822	0.074440	-0.021402	-0.041210	-0.045527	0.006232	-0.109879	0.004058	0.024696	0.017804	0.003444	0.014091	-0.017055	-0.016669	0.011260	-0.015995	0.031381	-0.006448	-0.013611	-0.021738	0.033280	-0.078406	-0.090950	-0.086739	-0.083056	-0.096434	-0.083429	-0.090095	-0.087048	-0.109340	-0.099622	-0.106197	-0.036336	-0.032421	-0.098987	-0.035894	-0.089546	-0.097410	-0.102100	-0.102631	-0.081370	-0.102715	-0.109806	-0.095245	-0.105581	-0.102721	-0.092750	-0.029358	-0.102194	-0.097309	-0.020915	-0.023715	-0.090478	-0.081339	-0.085082	-0.087716	-0.078749	-0.020806	-0.093375	-0.092077	-0.088019	-0.088288	-0.019868	-0.082885	-0.016122	-0.098531	-0.030244	-0.090671	-0.095036	-0.095248	
0.010841	0.365441	0.346769	-0.001904	0.338576	1.092422	-0.001831	-0.017998	0.340563	0.019994	-0.024472	0.332571	0.355156	0.116891	0.049183	-0.025093	-0.005283	0.014848	0.354840	-0.005409	-0.082886	0.015780	-0.080460	-0.086504	0.040742	-0.009854	-0.021508	-0.016367	0.022387	-0.088812	0.013899	0.027865	0.014558	0.010919	0.052186	-0.021004	-0.021301	0.022446	0.002639	0.045018	-0.006952	-0.011685	-0.015849	0.011631	-0.063330	-0.079585	-0.073347	-0.070029	-0.081957	-0.071655	-0.074679	-0.069797	-0.080763	-0.082988	-0.077174	-0.032830	-0.035437	-0.074091	-0.032694	-0.083496	-0.077521	-0.087386	-0.076361	-0.073100	-0.085596	-0.079289	-0.079238	-0.078370	-0.075318	-0.067661	-0.030894	-0.080757	-0.089230	-0.037067	-0.025137	-0.079478	-0.076845	-0.080771	-0.077917	-0.071295	0.005176	-0.090203	-0.085823	-0.081893	-0.099033	-0.000748	-0.084297	-0.017176	-0.078801	-0.018384	-0.079203	-0.085750	-0.078767	
0.569436	-0.009260	0.004442	0.060594	0.019158	-0.001831	1.080591	0.568397	0.004721	0.045003	0.010438	-0.002955	-0.002998	0.029840	0.014661	-0.005975	0.009828	0.025441	0.008827	0.030979	-0.078488	0.007111	-0.075348	-0.082615	0.022898	-0.001921	-0.009269	-0.014588	0.026193	-0.078579	0.021347	0.020716	0.073985	0.013374	0.014831	0.015015	0.031140	0.052347	0.019664	-0.012140	0.009793	0.004490	0.015468	0.038023	-0.059035	-0.054781	-0.039140	-0.050246	-0.039414	-0.047179	-0.039708	-0.041864	-0.081424	-0.064922	-0.091336	-0.016013	0.002609	-0.086409	0.004238	-0.079290	-0.066812	-0.084023	-0.081278	-0.038639	-0.081782	-0.075911	-0.080486	-0.085931	-0.087552	-0.074805	-0.005248	-0.080631	-0.078927	-0.008414	-0.008133	-0.080525	-0.059902	-0.043370	-0.049529	-0.050644	-0.010530	-0.046454	-0.057885	-0.052876	-0.057072	0.022940	-0.062384	0.015958	-0.047943	-0.000869	-0.059761	-0.054772	-0.053520	
0.538944	-0.015278	-0.003525	0.051474	0.005634	-0.017998	0.568397	1.071215	-0.006336	0.035448	0.009721	-0.003254	-0.013626	0.020273	0.005398	-0.010988	0.005535	-0.003207	-0.002701	0.035144	-0.071784	0.002658	-0.072259	-0.079759	0.038623	-0.002390	-0.017530	-0.015081	0.021211	-0.076575	0.026910	0.010980	0.081202	0.013609	0.002654	0.008225	0.019659	0.052902	0.014697	-0.015180	0.009565	0.020159	-0.002657	0.019900	-0.055998	-0.043245	-0.038470	-0.046096	-0.041479	-0.037908	-0.032163	-0.038982	-0.071721	-0.050622	-0.080603	-0.003136	0.007205	-0.088687	0.007035	-0.076384	-0.072894	-0.074953	-0.081471	-0.043765	-0.076653	-0.076974	-0.078427	-0.081324	-0.080949	-0.066173	0.000879	-0.081758	-0.066951	-0.005415	0.005661	-0.076998	-0.055934	-0.039130	-0.041407	-0.032134	0.019646	-0.040030	-0.050568	-0.055251	-0.061749	0.015455	-0.054352	0.031479	-0.045145	-0.008633	-0.066665	-0.050223	-0.049566	
0.021315	0.467494	0.327847	-0.000162	0.527654	0.340563	0.004721	-0.006336	1.065286	0.015352	-0.035104	0.496741	0.520054	0.131814	0.028206	-0.025387	-0.008081	-0.013227	0.527396	-0.008156	-0.092732	-0.037299	-0.098627	-0.097750	0.072586	-0.026764	-0.033551	-0.028027	0.003886	-0.104662	-0.001773	0.023705	0.023130	-0.003669	0.016568	-0.017296	-0.009994	0.008704	-0.027271	0.053124	-0.002091	-0.006171	-0.017123	0.021402	-0.077124	-0.082193	-0.085988	-0.082428	-0.088785	-0.087455	-0.081006	-0.078517	-0.096720	-0.090403	-0.099209	-0.030641	-0.037973	-0.095114	-0.039111	-0.092766	-0.093330	-0.095806	-0.097922	-0.077540	-0.103032	-0.095235	-0.091138	-0.094248	-0.093788	-0.094504	-0.038088	-0.098029	-0.094884	-0.026092	-0.039286	-0.100661	-0.087465	-0.087991	-0.084056	-0.078010	-0.016791	-0.095270	-0.104208	-0.094777	-0.098399	-0.009926	-0.090237	-0.032789	-0.085350	-0.026012	-0.086242	-0.090993	-0.076583	
0.030389	0.007885	0.008229	0.028322	0.015571	0.019994	0.045003	0.035448	0.015352	1.083113	0.036185	0.018474	0.000572	0.033812	0.032271	0.053572	0.017935	0.027541	0.021316	0.035751	-0.038569	0.032247	-0.048375	-0.049856	0.012695	0.043715	0.044308	0.051610	0.029536	-0.039316	0.024037	0.028433	0.023592	0.016581	0.030787	0.022800	0.028876	0.049041	0.013874	0.022821	0.015597	0.022530	-0.002745	0.048638	-0.047119	-0.038030	-0.044978	-0.046282	-0.041515	-0.038512	-0.048290	-0.047011	-0.041313	-0.040984	-0.042122	-0.003428	0.003890	-0.047529	-0.001806	-0.047727	-0.028075	-0.040519	-0.034317	-0.043403	-0.039353	-0.044637	-0.044842	-0.039850	-0.035382	-0.048227	-0.011071	-0.037637	-0.040009	-0.011956	0.000313	-0.031449	-0.072079	-0.079219	-0.062817	-0.059443	0.020455	-0.078798	-0.058006	-0.063220	-0.066435	-0.009214	-0.058415	0.004131	-0.067914	0.000431	-0.065475	-0.068656	-0.068101	
0.006365	-0.037188	-0.009476	0.038603	-0.031187	-0.024472	0.010438	0.009721	-0.035104	0.036185	1.068886	-0.021530	-0.022278	0.011143	0.015311	0.026211	0.056251	0.063975	-0.024677	0.027941	-0.061762	0.038052	-0.061646	-0.064177	0.049144	0.031868	0.018152	0.013961	-0.006087	-0.067531	0.040739	0.000940	0.020786	0.004707	0.003507	0.060087	0.074264	0.008156	0.068042	0.005297	0.056765	0.060474	-0.010644	0.062002	0.009074	0.022106	0.021359	0.017755	0.008945	0.026390	0.032309	0.019894	-0.067447	0.012057	-0.058699	-0.020117	-0.033496	-0.056620	-0.017270	-0.055018	-0.049548	-0.057843	-0.057439	0.010211	-0.068984	-0.065064	-0.063190	-0.063777	-0.059768	-0.064787	-0.019887	-0.063559	-0.065699	-0.015636	0.000938	-0.055552	-0.047653	-0.052004	-0.049335	-0.044160	0.062124	-0.064287	-0.054378	-0.059999	-0.042116	0.005445	-0.061966	0.016174	-0.063039	0.003837	-0.043553	-0.052143	-0.059015	
-0.001385	0.499856	0.325100	-0.011028	0.516084	0.332571	-0.002955	-0.003254	0.496741	0.018474	-0.021530	1.087408	0.519085	0.137279	0.040789	-0.019227	0.000965	0.007186	0.510592	-0.019541	-0.104513	-0.028023	-0.098275	-0.101280	0.061056	-0.019724	-0.022493	-0.018750	0.005664	-0.108434	-0.005422	0.027416	0.016749	-0.004193	0.015607	-0.012822	-0.011974	0.018770	-0.011819	0.043069	-0.004550	0.000086	-0.018733	0.030253	-0.073794	-0.078376	-0.083064	-0.076797	-0.087440	-0.082819	-0.080515	-0.081664	-0.099207	-0.093973	-0.106534	-0.017106	-0.031089	-0.101339	-0.028337	-0.097831	-0.097838	-0.109499	-0.102412	-0.076561	-0.109606	-0.105667	-0.095722	-0.105254	-0.099626	-0.096206	-0.032918	-0.100361	-0.095814	-0.018369	-0.019373	-0.099611	-0.083738	-0.095634	-0.087063	-0.083837	-0.022951	-0.094515	-0.097946	-0.096443	-0.094631	-0.035818	-0.084825	-0.031221	-0.086041	-0.024062	-0.093438	-0.097187	-0.090365	
0.008814	0.495569	0.326264	0.003420	0.530394	0.355156	-0.002998	-0.013626	0.520054	0.000572	-0.022278	0.519085	1.115184	0.146405	0.030149	-0.030945	-0.002536	0.002818	0.528178	-0.013217	-0.105354	-0.038459	-0.095231	-0.101228	0.065521	-0.027502	-0.033063	-0.025395	0.004310	-0.118861	-0.008649	0.016967	0.030439	0.003449	0.007552	-0.015909	-0.011387	0.017135	-0.014227	0.056186	-0.012401	-0.010219	-0.024775	0.012680	-0.078391	-0.081538	-0.076109	-0.082949	-0.085199	-0.087345	-0.080650	-0.076325	-0.103859	-0.091588	-0.111998	-0.030786	-0.044424	-0.100271	-0.033932	-0.097751	-0.109732	-0.106646	-0.102651	-0.079772	-0.103775	-0.110610	-0.101124	-0.111057	-0.104539	-0.094074	-0.027587	-0.102263	-0.105540	-0.031052	-0.039376	-0.099655	-0.089491	-0.085290	-0.076276	-0.075213	-0.027831	-0.097551	-0.091451	-0.084691	-0.088508	-0.025862	-0.092176	-0.023600	-0.083988	-0.022033	-0.090692	-0.092513	-0.080154	
0.029766	0.131525	0.103051	0.015006	0.133766	0.116891	0.029840	0.020273	0.131814	0.033812	0.011143	0.137279	0.146405	1.055501	0.153881	-0.012159	0.009388	0.023995	0.145207	0.020107	-0.061035	0.044977	-0.066155	-0.063397	0.077714	-0.004272	0.000798	0.009556	0.058934	-0.073009	0.048943	0.135058	0.012423	0.032995	0.131712	-0.014990	-0.017075	0.047599	-0.019914	0.015875	-0.007561	-0.012821	-0.004063	0.018342	-0.039649	-0.050510	-0.055460	-0.041832	-0.047964	-0.038607	-0.051789	-0.053984	-0.072023	-0.068400	-0.069481	-0.018050	-0.022304	-0.067389	-0.019411	-0.060680	-0.065178	-0.076041	-0.073044	-0.052713	-0.066270	-0.068081	-0.055592	-0.064136	-0.066435	-0.063226	-0.033122	-0.070028	-0.060701	-0.017900	-0.030888	-0.056285	-0.073029	-0.077020	-0.064544	-0.067777	0.018825	-0.077260	-0.075266	-0.075715	-0.080031	0.010112	-0.084980	-0.010736	-0.068925	-0.009932	-0.082373	-0.075061	-0.076092	
0.028212	-0.000925	0.049088	0.008448	0.018506	0.049183	0.014661	0.005398	0.028206	0.032271	0.015311	0.040789	0.030149	0.153881	1.081687	0.000624	-0.001557	-0.011719	0.024517	0.010922	-0.075074	0.054393	-0.080804	-0.083256	0.100301	-0.001537	0.013162	0.005915	0.094717	-0.080873	0.056743	0.398621	0.030213	0.048437	0.277900	-0.019141	-0.003790	0.050214	0.006456	0.066957	-0.001885	0.005814	0.011102	-0.003513	-0.044151	-0.039521	-0.046182	-0.054865	-0.036264	-0.041150	-0.043622	-0.044892	-0.082181	-0.046661	-0.074753	-0.010753	-0.017511	-0.077005	-0.024388	-0.087430	-0.077152	-0.080996	-0.081760	-0.047037	-0.079397	-0.078958	-0.074548	-0.075893	-0.074002	-0.073153	-0.020957	-0.089476	-0.075790	-0.016186	-0.018277	-0.075015	-0.059626	-0.057565	-0.045566	-0.056496	0.020393	-0.052331	-0.048785	-0.055790	-0.050608	0.014300	-0.058104	0.000112	-0.044701	0.020601	-0.054046	-0.052413	-0.054951	
-0.018387	-0.046806	-0.024586	0.004918	-0.045321	-0.025093	-0.005975	-0.010988	-0.025387	0.053572	0.026211	-0.019227	-0.030945	-0.012159	0.000624	1.041519	0.011805	0.024359	-0.027473	-0.010412	-0.044623	0.037133	-0.047183	-0.043210	0.009255	0.485282	0.496608	0.493389	-0.009169	-0.047129	0.024310	-0.006158	0.019982	0.014376	0.012191	-0.000255	-0.000349	0.087697	-0.015361	0.051903	-0.011663	0.001146	-0.023152	-0.008817	-0.053636	-0.044400	-0.056614	-0.047015	-0.049360	-0.037000	-0.055091	-0.058181	-0.045412	-0.046301	-0.050711	-0.020150	-0.016997	-0.055322	-0.008031	-0.051075	-0.054473	-0.047902	-0.048800	-0.042960	-0.045496	-0.042350	-0.043081	-0.044425	-0.044823	-0.048985	-0.007289	-0.046110	-0.044445	-0.003004	-0.005144	-0.046581	-0.087442	-0.085960	-0.076380	-0.085057	-0.008526	-0.079672	-0.079869	-0.080748	-0.083786	-0.021292	-0.078598	-0.020044	-0.077704	-0.021982	-0.084265	-0.087231	-0.079524	
0.011226	-0.009037	0.003086	0.042507	-0.010162	-0.005283	0.009828	0.005535	-0.008081	0.017935	0.056251	0.000965	-0.002536	0.009388	-0.001557	0.011805	1.069826	0.037390	0.000821	0.046141	-0.059941	0.030660	-0.063281	-0.062057	-0.001650	0.021287	0.016160	0.013573	0.028248	-0.073690	0.039805	0.017206	0.023151	0.013464	-0.006637	0.052326	0.048509	-0.014237	0.048684	0.005466	0.060402	0.046085	-0.024188	0.063658	0.048608	0.055571	0.051447	0.048294	0.050006	0.049140	0.054219	0.068534	-0.056426	0.046154	-0.063543	0.006254	0.001321	-0.065754	-0.013210	-0.063176	-0.059646	-0.062369	-0.064640	0.043312	-0.068080	-0.061367	-0.062546	-0.055061	-0.055223	-0.062771	-0.017516	-0.055649	-0.055014	-0.014609	-0.004225	-0.061098	-0.080789	-0.074669	-0.074115	-0.078718	0.078848	-0.081147	-0.072631	-0.073009	-0.082552	0.021737	-0.091118	-0.020406	-0.082499	-0.031260	-0.074817	-0.084469	-0.086686	
0.026125	0.011881	-0.009277	0.021408	-0.012401	0.014848	0.025441	-0.003207	-0.013227	0.027541	0.063975	0.007186	0.002818	0.023995	-0.011719	0.024359	0.037390	1.044286	-0.006783	0.021497	-0.023697	0.064574	-0.026736	-0.028418	-0.001552	0.029050	0.035117	0.025547	0.004359	-0.015325	0.042057	-0.019275	0.006302	0.004256	0.008378	-0.012647	-0.009405	0.016916	0.001353	0.029669	-0.003445	-0.018938	-0.002240	0.035131	-0.016084	-0.017813	-0.003895	-0.018444	-0.025273	-0.004461	-0.011897	-0.003427	-0.025480	-0.030057	-0.032054	-0.007753	-0.016415	-0.018376	-0.019015	-0.019850	-0.012827	-0.029045	-0.030565	-0.012811	-0.033702	-0.021544	-0.015812	-0.011855	-0.018178	-0.024619	-0.012356	-0.010490	-0.008076	-0.013521	-0.012485	-0.017801	-0.075281	-0.068632	-0.068123	-0.072391	0.032399	-0.074975	-0.061267	-0.070380	-0.073028	-0.000862	-0.074184	-0.011152	-0.071726	0.001518	-0.073472	-0.070412	-0.055622	
0.009909	0.505025	0.314405	-0.015432	0.502251	0.354840	0.008827	-0.002701	0.527396	0.021316	-0.024677	0.510592	0.528178	0.145207	0.024517	-0.027473	0.000821	-0.006783	1.091513	-0.002277	-0.093747	-0.044543	-0.099961	-0.095443	0.076623	-0.025165	-0.025665	-0.024794	0.002821	-0.102155	-0.015580	0.029981	0.017896	0.004880	0.012940	-0.013803	-0.013630	0.003962	-0.029501	0.052235	-0.015992	-0.017798	-0.031700	0.033317	-0.092810	-0.084114	-0.090493	-0.091224	-0.095841	-0.094775	-0.090289	-0.093067	-0.095555	-0.101118	-0.107872	-0.036680	-0.044601	-0.093799	-0.037610	-0.091540	-0.099301	-0.101187	-0.097756	-0.084180	-0.097761	-0.097236	-0.097985	-0.101197	-0.098568	-0.089452	-0.032851	-0.102375	-0.099508	-0.030504	-0.037499	-0.089346	-0.077917	-0.089067	-0.079501	-0.076374	-0.017734	-0.089068	-0.089181	-0.087978	-0.085462	-0.021548	-0.084937	-0.021152	-0.084104	-0.023345	-0.077691	-0.086535	-0.086319	
0.032648	-0.026437	-0.000060	0.020760	-0.009306	-0.005409	0.030979	0.035144	-0.008156	0.035751	0.027941	-0.019541	-0.013217	0.020107	0.010922	-0.010412	0.046141	0.021497	-0.002277	1.089830	-0.066976	0.033974	-0.082544	-0.080164	0.066884	-0.002943	-0.013084	-0.011131	0.022862	-0.084595	0.033399	0.016702	0.053265	0.044322	0.019598	0.024994	0.014178	0.019019	0.025757	0.030263	0.023646	0.026055	0.019853	0.048490	-0.001924	-0.005793	-0.013240	-0.010607	-0.002918	0.000998	-0.008851	0.003516	-0.073705	-0.004511	-0.073312	0.017252	0.022203	-0.079211	0.009698	-0.089181	-0.084598	-0.075466	-0.076403	-0.002533	-0.073388	-0.076590	-0.072759	-0.076146	-0.067674	-0.070206	0.019153	-0.072239	-0.080428	0.019749	0.018184	-0.075921	-0.045852	-0.031173	-0.031032	-0.032786	0.055372	-0.035680	-0.032643	-0.039228	-0.043334	0.043887	-0.036487	0.033839	-0.032341	0.029532	-0.038236	-0.037265	-0.041058	
-0.076949	-0.092638	-0.091035	-0.055078	-0.098772	-0.082886	-0.078488	-0.071784	-0.092732	-0.038569	-0.061762	-0.104513	-0.105354	-0.061035	-0.075074	-0.044623	-0.059941	-0.023697	-0.093747	-0.066976	0.747610	-0.046103	0.285448	0.279654	-0.072985	-0.036431	-0.043814	-0.038248	-0.062992	0.286011	-0.048692	-0.072541	-0.075875	-0.057323	-0.052768	-0.086929	-0.087795	-0.038048	-0.093596	-0.033869	-0.086727	-0.088686	-0.094036	-0.074076	-0.116429	-0.115300	-0.117885	-0.110103	-0.114545	-0.112434	-0.112927	-0.111281	0.274877	-0.109925	0.267814	-0.095277	-0.093364	0.293672	-0.094746	0.269857	0.284720	0.286371	0.284932	-0.113354	0.273224	0.282131	0.277636	0.266480	0.273734	0.259287	-0.090660	0.294283	0.272548	-0.102676	-0.088199	0.280293	-0.133165	-0.116568	-0.111266	-0.108241	-0.042404	-0.125087	-0.114976	-0.123847	-0.124632	-0.087202	-0.120397	-0.088669	-0.113295	-0.061767	-0.114018	-0.129739	-0.115463	
-0.007452	-0.038890	-0.001195	0.036662	-0.035118	0.015780	0.007111	0.002658	-0.037299	0.032247	0.038052	-0.028023	-0.038459	0.044977	0.054393	0.037133	0.030660	0.064574	-0.044543	0.033974	-0.046103	1.103612	-0.052980	-0.035347	0.028655	0.023629	0.035875	0.026921	-0.001019	-0.033951	0.036412	0.046307	0.041839	0.018724	0.036278	0.004440	-0.003469	0.064990	0.014208	0.008812	-0.001570	0.006715	-0.001881	0.023996	-0.028546	-0.035603	-0.021310	-0.032131	-0.037303	-0.032059	-0.013849	-0.031914	-0.039642	-0.034352	-0.040780	0.019006	-0.009454	-0.043239	0.003583	-0.044437	-0.037820	-0.033456	-0.032671	-0.023550	-0.027869	-0.045010	-0.035461	-0.020792	-0.039025	-0.034423	-0.004414	-0.038289	-0.036846	0.003045	-0.002275	-0.037017	-0.054673	-0.061447	-0.069947	-0.074073	0.063549	-0.046123	-0.050222	-0.059472	-0.059664	-0.007561	-0.063392	0.008710	-0.058766	0.025337	-0.053758	-0.065420	-0.073386	
-0.072346	-0.103790	-0.092811	-0.041987	-0.099633	-0.080460	-0.075348	-0.072259	-0.098627	-0.048375	-0.061646	-0.098275	-0.095231	-0.066155	-0.080804	-0.047183	-0.063281	-0.026736	-0.099961	-0.082544	0.285448	-0.052980	0.731785	0.295674	-0.071366	-0.055436	-0.052077	-0.045831	-0.069981	0.286164	-0.053143	-0.073419	-0.066019	-0.062054	-0.046073	-0.087250	-0.094275	-0.040041	-0.094761	-0.033702	-0.082643	-0.083128	-0.088787	-0.072052	-0.113096	-0.116388	-0.120137	-0.108336	-0.111321	-0.118708	-0.114676	-0.116030	0.292746	-0.119208	0.270833	-0.098790	-0.097502	0.290255	-0.097725	0.274301	0.291029	0.298380	0.283664	-0.110629	0.270758	0.293011	0.284437	0.285696	0.284142	0.277245	-0.099378	0.278094	0.284447	-0.097514	-0.098471	0.280174	-0.124889	-0.112127	-0.111962	-0.108420	-0.060677	-0.123675	-0.119507	-0.122338	-0.119612	-0.093827	-0.114442	-0.086167	-0.112097	-0.074636	-0.117550	-0.125628	-0.108411	
-0.087756	-0.105124	-0.080725	-0.056352	-0.089822	-0.086504	-0.082615	-0.079759	-0.097750	-0.049856	-0.064177	-0.101280	-0.101228	-0.063397	-0.083256	-0.043210	-0.062057	-0.028418	-0.095443	-0.080164	0.279654	-0.035347	0.295674	0.741898	-0.081333	-0.042741	-0.048302	-0.042388	-0.067153	0.284966	-0.057874	-0.076091	-0.066863	-0.051485	-0.053080	-0.092855	-0.112121	-0.047265	-0.102499	-0.047175	-0.092991	-0.090016	-0.097745	-0.070279	-0.119214	-0.120540	-0.121972	-0.114476	-0.114912	-0.119163	-0.116649	-0.116469	0.284389	-0.114874	0.296256	-0.095821	-0.095235	0.293449	-0.091508	0.290610	0.290444	0.286837	0.282125	-0.118377	0.286721	0.293021	0.283072	0.287937	0.278168	0.272975	-0.091724	0.290451	0.284600	-0.099618	-0.094125	0.286602	-0.123028	-0.110221	-0.113060	-0.101763	-0.046619	-0.118610	-0.114870	-0.121881	-0.118068	-0.094381	-0.122929	-0.087062	-0.109591	-0.078826	-0.115133	-0.117313	-0.112859	
0.030506	0.071644	0.051299	0.027833	0.074440	0.040742	0.022898	0.038623	0.072586	0.012695	0.049144	0.061056	0.065521	0.077714	0.100301	0.009255	-0.001650	-0.001552	0.076623	0.066884	-0.072985	0.028655	-0.071366	-0.081333	1.080305	0.007509	0.010926	0.019406	0.051264	-0.083822	0.059449	0.109100	0.043117	0.058683	0.068993	0.018310	0.012378	0.044075	0.030199	-0.005365	0.007693	0.012466	0.014759	0.011195	-0.046385	-0.048040	-0.035188	-0.045367	-0.042115	-0.036858	-0.052510	-0.046727	-0.080337	-0.054192	-0.079321	0.015471	0.012224	-0.083667	0.008764	-0.079092	-0.067263	-0.081488	-0.083571	-0.041869	-0.077827	-0.080519	-0.076269	-0.084136	-0.078644	-0.073738	0.011842	-0.086497	-0.070993	0.016318	0.012267	-0.079080	-0.052057	-0.058860	-0.049118	-0.053114	0.019626	-0.039845	-0.045543	-0.060955	-0.060220	0.004801	-0.048169	0.005789	-0.057121	0.012001	-0.041455	-0.054540	-0.068980	
-0.020863	-0.045655	-0.003107	0.016281	-0.021402	-0.009854	-0.001921	-0.002390	-0.026764	0.043715	0.031868	-0.019724	-0.027502	-0.004272	-0.001537	0.485282	0.021287	0.029050	-0.025165	-0.002943	-0.036431	0.023629	-0.055436	-0.042741	0.007509	1.044851	0.488185	0.491340	-0.009468	-0.041130	0.003170	-0.007914	0.005221	0.011731	0.005709	-0.011228	-0.010881	0.084184	-0.029996	0.042640	-0.013152	-0.009660	-0.016557	-0.008918	-0.065501	-0.050916	-0.055335	-0.060660	-0.059659	-0.049854	-0.052825	-0.069536	-0.039372	-0.052855	-0.044392	-0.003239	-0.007240	-0.044408	-0.001005	-0.047480	-0.047384	-0.052225	-0.042728	-0.053572	-0.040761	-0.043521	-0.041896	-0.045504	-0.043195	-0.045477	-0.012439	-0.043209	-0.049785	0.000118	-0.000266	-0.044912	-0.097935	-0.086400	-0.079618	-0.093569	-0.025390	-0.074409	-0.084811	-0.074360	-0.076239	-0.012920	-0.079090	-0.025029	-0.077925	-0.017762	-0.074704	-0.076292	-0.088996	
-0.029507	-0.037689	-0.017359	-0.012155	-0.041210	-0.021508	-0.009269	-0.017530	-0.033551	0.044308	0.018152	-0.022493	-0.033063	0.000798	0.013162	0.496608	0.016160	0.035117	-0.025665	-0.013084	-0.043814	0.035875	-0.052077	-0.048302	0.010926	0.488185	1.038304	0.506422	-0.024851	-0.050740	0.005798	-0.007467	0.010061	0.008565	0.007795	0.008021	-0.011826	0.073173	-0.009063	0.040711	-0.004865	0.003261	-0.019735	0.005921	-0.057166	-0.045270	-0.046735	-0.060918	-0.051219	-0.046528	-0.049164	-0.058521	-0.044648	-0.041919	-0.042308	-0.009794	-0.007222	-0.045771	0.007000	-0.047337	-0.051430	-0.048626	-0.043757	-0.058393	-0.047681	-0.042355	-0.044821	-0.046612	-0.042866	-0.052314	-0.011097	-0.032789	-0.048316	-0.003659	-0.011232	-0.037171	-0.088578	-0.083609	-0.081595	-0.081724	-0.019445	-0.075783	-0.078604	-0.081515	-0.070837	-0.015590	-0.076150	-0.030549	-0.075914	-0.027840	-0.074280	-0.080079	-0.073679	
-0.019016	-0.049961	-0.025378	-0.001394	-0.045527	-0.016367	-0.014588	-0.015081	-0.028027	0.051610	0.013961	-0.018750	-0.025395	0.009556	0.005915	0.493389	0.013573	0.025547	-0.024794	-0.011131	-0.038248	0.026921	-0.045831	-0.042388	0.019406	0.491340	0.506422	1.049164	-0.001310	-0.044115	-0.001796	-0.001978	0.012982	0.019379	0.015438	0.007229	-0.003322	0.085007	-0.006576	0.035070	-0.004548	0.006531	-0.028974	-0.003189	-0.070811	-0.055099	-0.054883	-0.057223	-0.068511	-0.058116	-0.063697	-0.066193	-0.040578	-0.057816	-0.049727	0.002498	-0.001659	-0.040732	0.002156	-0.044155	-0.043572	-0.049812	-0.045810	-0.070479	-0.047650	-0.037423	-0.040296	-0.042386	-0.032794	-0.044015	-0.002146	-0.041067	-0.046786	-0.005045	0.002124	-0.039639	-0.090390	-0.081139	-0.081576	-0.090613	-0.015204	-0.082281	-0.081413	-0.082239	-0.084228	-0.020183	-0.084066	-0.024936	-0.084911	-0.021866	-0.087082	-0.084530	-0.081133	
0.019879	0.002896	0.027231	0.039397	0.006232	0.022387	0.026193	0.021211	0.003886	0.029536	-0.006087	0.005664	0.004310	0.058934	0.094717	-0.009169	0.028248	0.004359	0.002821	0.022862	-0.062992	-0.001019	-0.069981	-0.067153	0.051264	-0.009468	-0.024851	-0.001310	1.114362	-0.072966	0.032726	0.113232	0.046613	0.029972	0.092777	0.040133	0.020331	0.036640	0.023162	0.007757	0.024442	0.017064	0.006386	0.022036	-0.019651	-0.045030	-0.042486	-0.029365	-0.034507	-0.035136	-0.040257	-0.045237	-0.063128	-0.042206	-0.068911	0.028457	0.034278	-0.073119	0.038365	-0.061595	-0.054957	-0.063066	-0.079126	-0.024111	-0.061815	-0.071999	-0.069264	-0.066418	-0.069089	-0.068234	0.010792	-0.076645	-0.065439	0.029738	0.024714	-0.070070	-0.041363	-0.049945	-0.043168	-0.044538	0.022776	-0.037431	-0.034094	-0.049433	-0.047893	0.015248	-0.034433	-0.004869	-0.042619	0.019287	-0.043848	-0.053152	-0.046768	
-0.081004	-0.103826	-0.087681	-0.050545	-0.109879	-0.088812	-0.078579	-0.076575	-0.104662	-0.039316	-0.067531	-0.108434	-0.118861	-0.073009	-0.080873	-0.047129	-0.073690	-0.015325	-0.102155	-0.084595	0.286011	-0.033951	0.286164	0.284966	-0.083822	-0.041130	-0.050740	-0.044115	-0.072966	0.748654	-0.047720	-0.074003	-0.068882	-0.063937	-0.048551	-0.090906	-0.095043	-0.042901	-0.096426	-0.038488	-0.094035	-0.089182	-0.096885	-0.077180	-0.110348	-0.110918	-0.112705	-0.099774	-0.107295	-0.118208	-0.104540	-0.111864	0.297393	-0.108065	0.285619	-0.095810	-0.102611	0.294819	-0.099428	0.281768	0.287637	0.292592	0.286550	-0.118549	0.277058	0.287273	0.297198	0.283013	0.281274	0.270294	-0.093117	0.295002	0.284797	-0.106787	-0.093064	0.291466	-0.121338	-0.114912	-0.116068	-0.099414	-0.050311	-0.123267	-0.117001	-0.120242	-0.122286	-0.095700	-0.115415	-0.091713	-0.112233	-0.083062	-0.114570	-0.122612	-0.116001	
0.023867	0.015617	0.018232	0.034399	0.004058	0.013899	0.021347	0.026910	-0.001773	0.024037	0.040739	-0.005422	-0.008649	0.048943	0.056743	0.024310	0.039805	0.042057	-0.015580	0.033399	-0.048692	0.036412	-0.053143	-0.057874	0.059449	0.003170	0.005798	-0.001796	0.032726	-0.047720	1.046093	0.082218	-0.000040	0.022337	0.051452	-0.015569	-0.016498	0.122191	-0.030125	0.005110	-0.019046	-0.025336	0.016955	0.015308	-0.035110	-0.030706	-0.046120	-0.042043	-0.040630	-0.039520	-0.036119	-0.039155	-0.053327	-0.038625	-0.049415	0.009730	-0.003366	-0.053877	-0.008926	-0.041741	-0.048320	-0.056918	-0.056736	-0.023226	-0.051913	-0.042010	-0.051601	-0.052328	-0.049688	-0.045637	-0.005974	-0.047416	-0.056342	-0.006139	-0.008066	-0.047090	-0.043851	-0.019933	-0.038643	-0.030424	0.023499	-0.037233	-0.044819	-0.042987	-0.053172	-0.007450	-0.035041	0.022312	-0.019804	0.013375	-0.041142	-0.047450	-0.041519	
0.008180	0.014074	0.031663	0.020685	0.024696	0.027865	0.020716	0.010980	0.023705	0.028433	0.000940	0.027416	0.016967	0.135058	0.398621	-0.006158	0.017206	-0.019275	0.029981	0.016702	-0.072541	0.046307	-0.073419	-0.076091	0.109100	-0.007914	-0.007467	-0.001978	0.113232	-0.074003	0.082218	1.074112	0.031734	0.032253	0.267717	0.006985	0.006511	0.054217	-0.004609	0.040645	0.013126	-0.003674	0.011728	0.005122	-0.040801	-0.041736	-0.045307	-0.041368	-0.028440	-0.039254	-0.058693	-0.051552	-0.068756	-0.043575	-0.072587	-0.003722	-0.007441	-0.090703	-0.009402	-0.087656	-0.078502	-0.081125	-0.084339	-0.043005	-0.066956	-0.076287	-0.063357	-0.079034	-0.080096	-0.085523	-0.015836	-0.078138	-0.063751	-0.018085	-0.018992	-0.079189	-0.063931	-0.054381	-0.045400	-0.053047	0.030153	-0.065855	-0.052984	-0.062351	-0.069461	0.023956	-0.055472	0.011885	-0.049630	0.028273	-0.059113	-0.063191	-0.059763	
0.075155	0.010772	0.029511	0.039734	0.017804	0.014558	0.073985	0.081202	0.023130	0.023592	0.020786	0.016749	0.030439	0.012423	0.030213	0.019982	0.023151	0.006302	0.017896	0.053265	-0.075875	0.041839	-0.066019	-0.066863	0.043117	0.005221	0.010061	0.012982	0.046613	-0.068882	-0.000040	0.031734	1.054656	0.010580	0.017118	0.032609	0.038285	0.033505	0.052547	0.023161	0.050090	0.043001	-0.000189	0.032502	-0.013599	-0.012933	-0.006921	-0.014783	-0.014556	-0.022393	-0.004716	-0.009519	-0.065031	-0.022340	-0.057270	-0.005003	-0.019163	-0.070709	-0.005600	-0.070238	-0.066544	-0.070335	-0.072862	-0.013174	-0.071281	-0.070155	-0.074982	-0.069233	-0.054364	-0.072776	-0.008019	-0.064814	-0.067048	-0.002894	-0.009080	-0.065049	-0.052609	-0.053144	-0.048265	-0.061388	0.034582	-0.063311	-0.061350	-0.060982	-0.055406	0.032709	-0.057792	0.017126	-0.051636	0.033821	-0.054110	-0.057383	-0.057843	
0.033762	-0.037609	0.015258	0.035311	0.003444	0.010919	0.013374	0.013609	-0.003669	0.016581	0.004707	-0.004193	0.003449	0.032995	0.048437	0.014376	0.013464	0.004256	0.004880	0.044322	-0.057323	0.018724	-0.062054	-0.051485	0.058683	0.011731	0.008565	0.019379	0.029972	-0.063937	0.022337	0.032253	0.010580	1.053166	0.042433	0.006308	0.014757	0.037849	0.008047	0.006884	0.010478	-0.000223	0.018511	0.029286	-0.013644	-0.017773	-0.025493	-0.010322	-0.024828	-0.017962	-0.019788	-0.023307	-0.048681	-0.003770	-0.055317	0.013241	0.005326	-0.069509	0.014312	-0.056562	-0.053732	-0.056908	-0.065960	-0.020024	-0.057587	-0.058501	-0.057542	-0.061737	-0.055625	-0.067008	0.003364	-0.061476	-0.060377	0.008803	0.012512	-0.057618	-0.036112	-0.034838	-0.038441	-0.032323	-0.010650	-0.037267	-0.045800	-0.027631	-0.031831	0.012089	-0.041921	0.011116	-0.031838	0.008609	-0.038580	-0.036739	-0.028067	
-0.001069	-0.002469	0.040096	0.011964	0.014091	0.052186	0.014831	0.002654	0.016568	0.030787	0.003507	0.015607	0.007552	0.131712	0.277900	0.012191	-0.006637	0.008378	0.012940	0.019598	-0.052768	0.036278	-0.046073	-0.053080	0.068993	0.005709	0.007795	0.015438	0.092777	-0.048551	0.051452	0.267717	0.017118	0.042433	1.067889	-0.006595	-0.012360	0.028569	0.000544	0.068499	0.015942	-0.011396	-0.014995	0.007436	-0.041786	-0.041719	-0.060237	-0.043548	-0.049211	-0.043512	-0.048396	-0.045832	-0.052548	-0.045521	-0.054710	-0.008965	-0.007627	-0.052495	-0.022007	-0.054199	-0.058800	-0.054572	-0.055955	-0.057566	-0.057871	-0.044526	-0.042458	-0.050386	-0.045945	-0.059316	-0.005422	-0.056378	-0.049798	-0.017073	-0.022029	-0.043559	-0.063023	-0.056423	-0.060174	-0.063442	0.002362	-0.061337	-0.059533	-0.069581	-0.060395	-0.006238	-0.060665	-0.008135	-0.054829	0.010791	-0.062438	-0.069377	-0.069213	
0.009055	-0.034442	-0.003527	0.019511	-0.017055	-0.021004	0.015015	0.008225	-0.017296	0.022800	0.060087	-0.012822	-0.015909	-0.014990	-0.019141	-0.000255	0.052326	-0.012647	-0.013803	0.024994	-0.086929	0.004440	-0.087250	-0.092855	0.018310	-0.011228	0.008021	0.007229	0.040133	-0.090906	-0.015569	0.006985	0.032609	0.006308	-0.006595	1.043704	0.525675	-0.002387	0.513376	0.003610	0.509355	0.518250	0.002885	0.198264	-0.043395	-0.043253	-0.055757	-0.049003	-0.047555	-0.040817	-0.061839	-0.053832	-0.088736	-0.067991	-0.082549	-0.014868	-0.022815	-0.087645	-0.009961	-0.080948	-0.081378	-0.084005	-0.085631	-0.061635	-0.088920	-0.088197	-0.082346	-0.084417	-0.084752	-0.083232	-0.019891	-0.082712	-0.085621	-0.022379	-0.028365	-0.085254	-0.077484	-0.064050	-0.068427	-0.073002	0.044400	-0.077877	-0.070171	-0.073274	-0.066472	0.023850	-0.070296	-0.010846	-0.065993	-0.025472	-0.067121	-0.076464	-0.057376	
0.017519	-0.042766	-0.005941	0.017973	-0.016669	-0.021301	0.031140	0.019659	-0.009994	0.028876	0.074264	-0.011974	-0.011387	-0.017075	-0.003790	-0.000349	0.048509	-0.009405	-0.013630	0.014178	-0.087795	-0.003469	-0.094275	-0.112121	0.012378	-0.010881	-0.011826	-0.003322	0.020331	-0.095043	-0.016498	0.006511	0.038285	0.014757	-0.012360	0.525675	1.056306	-0.002958	0.496978	0.002765	0.509169	0.543671	-0.007446	0.200267	-0.045371	-0.044979	-0.049873	-0.047574	-0.047892	-0.041992	-0.053086	-0.044529	-0.091931	-0.050502	-0.086557	-0.021909	-0.016979	-0.088877	-0.021356	-0.086908	-0.083897	-0.078094	-0.085171	-0.050764	-0.091551	-0.098473	-0.092221	-0.091095	-0.084848	-0.087996	-0.031285	-0.090163	-0.093213	-0.020852	-0.034576	-0.086445	-0.073869	-0.062103	-0.055757	-0.062576	0.040418	-0.074225	-0.070750	-0.076633	-0.069243	0.015406	-0.068899	0.000541	-0.057590	-0.006966	-0.067202	-0.083358	-0.063010	
0.043411	0.036965	0.013982	0.061289	0.011260	0.022446	0.052347	0.052902	0.008704	0.049041	0.008156	0.018770	0.017135	0.047599	0.050214	0.087697	-0.014237	0.016916	0.003962	0.019019	-0.038048	0.064990	-0.040041	-0.047265	0.044075	0.084184	0.073173	0.085007	0.036640	-0.042901	0.122191	0.054217	0.033505	0.037849	0.028569	-0.002387	-0.002958	1.010208	0.006561	0.016027	-0.006875	0.012599	-0.012549	0.029653	-0.066624	-0.056071	-0.060538	-0.055347	-0.056462	-0.061759	-0.048402	-0.065631	-0.051993	-0.060718	-0.040717	-0.007595	-0.015289	-0.049865	-0.010619	-0.037330	-0.048296	-0.047918	-0.053844	-0.064347	-0.043593	-0.049720	-0.049702	-0.047875	-0.050810	-0.053823	-0.005078	-0.045448	-0.041957	-0.011351	-0.001289	-0.046543	-0.054392	-0.067580	-0.061790	-0.058177	0.010104	-0.050606	-0.052001	-0.055405	-0.049845	0.014706	-0.061401	-0.011628	-0.052906	-0.011028	-0.057914	-0.060544	-0.052699	
0.018364	-0.028596	-0.007161	0.017613	-0.015995	0.002639	0.019664	0.014697	-0.027271	0.013874	0.068042	-0.011819	-0.014227	-0.019914	0.006456	-0.015361	0.048684	0.001353	-0.029501	0.025757	-0.093596	0.014208	-0.094761	-0.102499	0.030199	-0.029996	-0.009063	-0.006576	0.023162	-0.096426	-0.030125	-0.004609	0.052547	0.008047	0.000544	0.513376	0.496978	0.006561	1.070369	-0.009178	0.491204	0.516860	-0.003436	0.210004	-0.070503	-0.056037	-0.056178	-0.055750	-0.056833	-0.053338	-0.062721	-0.052843	-0.090852	-0.045225	-0.083018	-0.028463	-0.035419	-0.092885	-0.024497	-0.075691	-0.083879	-0.090573	-0.093122	-0.063129	-0.080858	-0.088359	-0.086079	-0.089371	-0.083721	-0.090786	-0.029672	-0.089329	-0.085952	-0.016938	-0.032807	-0.087718	-0.068829	-0.077764	-0.065894	-0.083111	0.018840	-0.076504	-0.054709	-0.076946	-0.062422	0.000977	-0.070997	-0.018023	-0.072273	-0.021404	-0.050720	-0.075900	-0.068471	
-0.012663	0.060791	0.048922	0.030469	0.031381	0.045018	-0.012140	-0.015180	0.053124	0.022821	0.005297	0.043069	0.056186	0.015875	0.066957	0.051903	0.005466	0.029669	0.052235	0.030263	-0.033869	0.008812	-0.033702	-0.047175	-0.005365	0.042640	0.040711	0.035070	0.007757	-0.038488	0.005110	0.040645	0.023161	0.006884	0.068499	0.003610	0.002765	0.016027	-0.009178	1.055003	-0.003646	-0.009671	-0.012266	0.014420	-0.052734	-0.047323	-0.054373	-0.048663	-0.047780	-0.038850	-0.043484	-0.050967	-0.030718	-0.046391	-0.027880	0.005766	0.015291	-0.028082	-0.008577	-0.042033	-0.039607	-0.036656	-0.031108	-0.037988	-0.032595	-0.039123	-0.033855	-0.038209	-0.037056	-0.025040	-0.002822	-0.026695	-0.040322	-0.006807	0.004202	-0.022616	-0.071847	-0.058502	-0.050265	-0.057880	-0.018948	-0.065454	-0.062350	-0.056720	-0.068918	0.022421	-0.058906	-0.028992	-0.044339	-0.011375	-0.063260	-0.063228	-0.048786	
0.013907	-0.023664	0.010549	0.021714	-0.006448	-0.006952	0.009793	0.009565	-0.002091	0.015597	0.056765	-0.004550	-0.012401	-0.007561	-0.001885	-0.011663	0.060402	-0.003445	-0.015992	0.023646	-0.086727	-0.001570	-0.082643	-0.092991	0.007693	-0.013152	-0.004865	-0.004548	0.024442	-0.094035	-0.019046	0.013126	0.050090	0.010478	0.015942	0.509355	0.509169	-0.006875	0.491204	-0.003646	1.043147	0.513071	-0.001032	0.175601	-0.051219	-0.046092	-0.043408	-0.037490	-0.055997	-0.045293	-0.049396	-0.047583	-0.085217	-0.045642	-0.079283	-0.013140	-0.022937	-0.081399	-0.010850	-0.081205	-0.076311	-0.081937	-0.079160	-0.043644	-0.080683	-0.084800	-0.088510	-0.090022	-0.085072	-0.077057	-0.035642	-0.084796	-0.081595	-0.040069	-0.040445	-0.085546	-0.080622	-0.076276	-0.065321	-0.076176	0.032679	-0.090753	-0.068866	-0.086860	-0.077507	0.001953	-0.086514	-0.007565	-0.077730	-0.028564	-0.071672	-0.098784	-0.074184	
0.002605	-0.039540	-0.005989	0.021577	-0.013611	-0.011685	0.004490	0.020159	-0.006171	0.022530	0.060474	0.000086	-0.010219	-0.012821	0.005814	0.001146	0.046085	-0.018938	-0.017798	0.026055	-0.088686	0.006715	-0.083128	-0.090016	0.012466	-0.009660	0.003261	0.006531	0.017064	-0.089182	-0.025336	-0.003674	0.043001	-0.000223	-0.011396	0.518250	0.543671	0.012599	0.516860	-0.009671	0.513071	1.024704	0.002755	0.196139	-0.053648	-0.054180	-0.062314	-0.054408	-0.050963	-0.049075	-0.053562	-0.046754	-0.090111	-0.062487	-0.082556	-0.021268	-0.018600	-0.083517	-0.030239	-0.068966	-0.081406	-0.085109	-0.079783	-0.061364	-0.080814	-0.092816	-0.084622	-0.085705	-0.085784	-0.083496	-0.029929	-0.086607	-0.090852	-0.027237	-0.032999	-0.085549	-0.064284	-0.055546	-0.054601	-0.064605	0.037885	-0.079376	-0.067583	-0.074161	-0.065846	0.017945	-0.074021	-0.003533	-0.058479	-0.018573	-0.065773	-0.076246	-0.052140	
0.012308	0.004531	-0.025948	0.031536	-0.021738	-0.015849	0.015468	-0.002657	-0.017123	-0.002745	-0.010644	-0.018733	-0.024775	-0.004063	0.011102	-0.023152	-0.024188	-0.002240	-0.031700	0.019853	-0.094036	-0.001881	-0.088787	-0.097745	0.014759	-0.016557	-0.019735	-0.028974	0.006386	-0.096885	0.016955	0.011728	-0.000189	0.018511	-0.014995	0.002885	-0.007446	-0.012549	-0.003436	-0.012266	-0.001032	0.002755	1.089423	-0.008182	-0.048398	-0.047479	-0.057013	-0.046820	-0.041998	-0.051861	-0.053405	-0.049633	-0.089443	-0.047770	-0.096249	-0.003973	0.001200	-0.088768	-0.005268	-0.093528	-0.080830	-0.108259	-0.094256	-0.048846	-0.089770	-0.081621	-0.092332	-0.086942	-0.090386	-0.078911	0.003943	-0.104006	-0.092944	-0.000101	-0.000380	-0.087993	0.078532	0.090319	0.088406	0.074696	-0.029804	0.086408	0.069870	0.073697	0.066090	-0.009324	0.088069	0.097161	0.090710	0.261810	0.078120	0.087041	0.078631	
0.018413	0.017699	0.029991	0.016934	0.033280	0.011631	0.038023	0.019900	0.021402	0.048638	0.062002	0.030253	0.012680	0.018342	-0.003513	-0.008817	0.063658	0.035131	0.033317	0.048490	-0.074076	0.023996	-0.072052	-0.070279	0.011195	-0.008918	0.005921	-0.003189	0.022036	-0.077180	0.015308	0.005122	0.032502	0.029286	0.007436	0.198264	0.200267	0.029653	0.210004	0.014420	0.175601	0.196139	-0.008182	1.068747	-0.041312	-0.045767	-0.032083	-0.039244	-0.034828	-0.042362	-0.037912	-0.044659	-0.071261	-0.034135	-0.076232	0.001157	0.001514	-0.059469	-0.000853	-0.065321	-0.069378	-0.076539	-0.073271	-0.037358	-0.064065	-0.069856	-0.075707	-0.073872	-0.074401	-0.075575	0.005382	-0.074568	-0.071810	-0.007782	-0.007701	-0.073026	-0.067379	-0.071940	-0.073702	-0.064687	0.028248	-0.060267	-0.068147	-0.052967	-0.058008	0.020385	-0.074484	-0.004101	-0.069424	-0.003072	-0.071381	-0.067651	-0.074497	
