0.960841	0.208998	-0.050594	0.221412	-0.056754	0.342545	-0.039425	-0.082471	0.049034	-0.067762	-0.061970	-0.054750	-0.061016	-0.074723	-0.016167	-0.062713	-0.052842	-0.059716	-0.072270	-0.045640	-0.071269	-0.064750	-0.040042	-0.010409	-0.058199	-0.067120	-0.034635	-0.069806	-0.059258	-0.062361	-0.085072	-0.074184	-0.076487	-0.088179	-0.073590	-0.082052	
0.208998	0.914937	-0.045477	0.243455	-0.051727	0.235584	-0.032251	-0.067959	0.034291	-0.044375	-0.052149	-0.051710	-0.063008	-0.064296	-0.017297	-0.048232	-0.046703	-0.044683	-0.055146	-0.048817	-0.042092	-0.035358	-0.049808	-0.018890	-0.044945	-0.069004	-0.051339	-0.068702	-0.052726	-0.047719	-0.072845	-0.056398	-0.057971	-0.070754	-0.059787	-0.082955	
-0.050594	-0.045477	0.990465	-0.043248	0.002782	-0.049836	-0.024401	-0.017418	-0.043637	-0.049311	-0.016152	-0.023372	-0.012229	-0.025340	-0.028801	-0.035332	-0.044204	-0.040425	-0.059812	-0.004758	-0.014401	-0.039649	0.003616	-0.022900	-0.022527	-0.013469	-0.038342	-0.038437	-0.012337	-0.030822	-0.048647	-0.037531	-0.038607	-0.047912	-0.032797	-0.034383	
0.221412	0.243455	-0.043248	0.910785	-0.045979	0.241913	-0.040570	-0.065413	0.031237	-0.048388	-0.059748	-0.050792	-0.062898	-0.051894	-0.021437	-0.050866	-0.039098	-0.050180	-0.054387	-0.041623	-0.039359	-0.025973	-0.035037	-0.007410	-0.057454	-0.069655	-0.034602	-0.068581	-0.049613	-0.056448	-0.075403	-0.059887	-0.055725	-0.087855	-0.067900	-0.090912	
-0.056754	-0.051727	0.002782	-0.045979	1.008302	-0.051761	-0.029391	-0.038564	-0.034831	-0.047755	-0.027578	-0.040901	-0.009664	-0.039412	-0.007441	-0.042561	-0.023520	-0.032031	-0.044619	0.028520	-0.012991	-0.045734	-0.003433	-0.045280	-0.028250	-0.035469	-0.028749	-0.030328	-0.035288	-0.028644	-0.040169	-0.035906	-0.024824	-0.053101	-0.026874	-0.034468	
0.342545	0.235584	-0.049836	0.241913	-0.051761	0.933866	-0.045007	-0.062596	0.063699	-0.056489	-0.054535	-0.059916	-0.061074	-0.077552	-0.007185	-0.057289	-0.051078	-0.057830	-0.058649	-0.035018	-0.059715	-0.050404	-0.039540	-0.010002	-0.051569	-0.078823	-0.034712	-0.074596	-0.055686	-0.052747	-0.072128	-0.069519	-0.058880	-0.089182	-0.064820	-0.081417	
-0.039425	-0.032251	-0.024401	-0.040570	-0.029391	-0.045007	1.011615	-0.023340	-0.044065	-0.045785	-0.024719	-0.005953	-0.024655	-0.030567	-0.036604	0.011412	-0.030266	-0.024544	-0.057593	-0.017972	-0.019479	-0.040412	-0.015699	-0.030061	-0.010664	-0.048905	-0.007182	-0.039096	0.007406	-0.044471	-0.056580	-0.022402	-0.052846	-0.058334	-0.051087	-0.034694	
-0.082471	-0.067959	-0.017418	-0.065413	-0.038564	-0.062596	-0.023340	0.981175	-0.036976	-0.055023	0.016306	0.018787	-0.034969	-0.020815	-0.014935	-0.020747	-0.045141	-0.017513	-0.065176	-0.027415	-0.027352	-0.050348	-0.042157	-0.037652	0.019624	-0.048454	0.000056	0.011874	-0.012880	-0.034952	-0.043714	0.017565	-0.036998	-0.052664	-0.032806	-0.047967	
0.049034	0.034291	-0.043637	0.031237	-0.034831	0.063699	-0.044065	-0.036976	0.977009	0.048699	-0.044401	-0.040128	-0.063926	-0.026037	-0.019737	-0.042211	-0.026273	-0.038391	0.044441	-0.042257	-0.033774	0.044348	-0.026006	-0.039191	-0.052279	-0.073766	-0.034227	-0.061381	-0.031304	-0.046335	-0.085932	-0.045707	-0.065156	-0.087154	-0.074443	-0.067123	
-0.067762	-0.044375	-0.049311	-0.048388	-0.047755	-0.056489	-0.045785	-0.055023	0.048699	0.998824	-0.056378	-0.081219	-0.054470	-0.028892	0.006487	-0.049705	0.009514	-0.021593	0.278319	-0.050988	-0.029411	0.155285	-0.025214	-0.016575	-0.065486	-0.066567	-0.074240	-0.065920	-0.045648	-0.056319	-0.076160	-0.044202	-0.047733	-0.078820	-0.062368	-0.072760	
-0.061970	-0.052149	-0.016152	-0.059748	-0.027578	-0.054535	-0.024719	0.016306	-0.044401	-0.056378	0.966515	0.017021	-0.019660	-0.026117	-0.039759	-0.009353	-0.038791	-0.016446	-0.052029	-0.031948	-0.041889	-0.060369	-0.049280	-0.029869	0.006294	-0.064017	-0.002055	0.059399	-0.020741	-0.018263	-0.072724	0.029752	-0.002656	-0.062284	-0.066670	-0.062564	
-0.054750	-0.051710	-0.023372	-0.050792	-0.040901	-0.059916	-0.005953	0.018787	-0.040128	-0.081219	0.017021	1.006697	-0.015959	0.026384	-0.048275	0.000674	-0.029178	-0.008176	-0.079567	-0.053532	-0.029834	-0.047798	-0.047893	-0.008519	-0.033423	-0.047731	-0.004238	-0.012329	0.028560	-0.026202	-0.060487	-0.013388	-0.039593	-0.052488	-0.048625	-0.046875	
-0.061016	-0.063008	-0.012229	-0.062898	-0.009664	-0.061074	-0.024655	-0.034969	-0.063926	-0.054470	-0.019660	-0.015959	1.002562	-0.039021	-0.003766	-0.033936	-0.015364	-0.032609	-0.057291	0.002457	-0.025967	-0.062824	-0.039995	-0.021157	-0.021384	-0.043908	-0.006877	-0.012074	-0.046071	-0.000091	-0.042337	-0.017345	-0.011882	-0.038995	-0.024924	-0.019814	
-0.074723	-0.064296	-0.025340	-0.051894	-0.039412	-0.077552	-0.030567	-0.020815	-0.026037	-0.028892	-0.026117	0.026384	-0.039021	1.058968	-0.056754	-0.011230	-0.034227	-0.024846	-0.018030	-0.043594	-0.016442	-0.011293	0.013105	-0.027632	-0.040173	-0.048770	-0.029672	-0.024206	0.010865	-0.029252	-0.072816	-0.013087	-0.040463	-0.071599	-0.023546	-0.046735	
-0.016167	-0.017297	-0.028801	-0.021437	-0.007441	-0.007185	-0.036604	-0.014935	-0.019737	0.006487	-0.039759	-0.048275	-0.003766	-0.056754	0.961783	-0.029796	-0.028323	-0.009052	0.004769	-0.020751	-0.009575	-0.017521	-0.023523	-0.040061	-0.037469	-0.044205	-0.041497	-0.050599	-0.055987	-0.018381	-0.058234	-0.027215	-0.042471	-0.066275	-0.057479	-0.051405	
-0.062713	-0.048232	-0.035332	-0.050866	-0.042561	-0.057289	0.011412	-0.020747	-0.042211	-0.049705	-0.009353	0.000674	-0.033936	-0.011230	-0.029796	0.987154	-0.040379	-0.026967	-0.050980	-0.020176	-0.029804	-0.043027	0.037252	0.001904	-0.010691	-0.049666	-0.036436	-0.031139	0.017607	-0.017041	-0.056763	-0.035758	-0.037037	-0.062805	-0.043268	-0.054591	
-0.052842	-0.046703	-0.044204	-0.039098	-0.023520	-0.051078	-0.030266	-0.045141	-0.026273	0.009514	-0.038791	-0.029178	-0.015364	-0.034227	-0.028323	-0.040379	1.019257	-0.024483	0.020092	-0.022996	-0.024846	-0.000941	-0.041897	-0.032375	-0.032349	-0.040679	-0.034990	-0.026194	-0.035813	0.005418	-0.044924	-0.035336	-0.039802	-0.050680	-0.049281	-0.051989	
-0.059716	-0.044683	-0.040425	-0.050180	-0.032031	-0.057830	-0.024544	-0.017513	-0.038391	-0.021593	-0.016446	-0.008176	-0.032609	-0.024846	-0.009052	-0.026967	-0.024483	0.999770	-0.026268	-0.050466	-0.030270	-0.010216	0.085374	-0.044636	-0.049957	-0.041482	-0.026141	-0.059183	-0.023545	-0.038324	-0.040598	-0.025454	-0.049040	-0.038617	-0.034533	-0.052457	
-0.072270	-0.055146	-0.059812	-0.054387	-0.044619	-0.058649	-0.057593	-0.065176	0.044441	0.278319	-0.052029	-0.079567	-0.057291	-0.018030	0.004769	-0.050980	0.020092	-0.026268	1.041272	-0.053035	-0.042043	0.174618	-0.032542	-0.018164	-0.071748	-0.058354	-0.067844	-0.067210	-0.055312	-0.050337	-0.072724	-0.046681	-0.055713	-0.078610	-0.063023	-0.071308	
-0.045640	-0.048817	-0.004758	-0.041623	0.028520	-0.035018	-0.017972	-0.027415	-0.042257	-0.050988	-0.031948	-0.053532	0.002457	-0.043594	-0.020751	-0.020176	-0.022996	-0.050466	-0.053035	0.989983	-0.030405	-0.052518	-0.027809	-0.035889	0.000485	-0.039923	-0.009636	-0.015479	-0.032825	-0.036009	-0.058786	-0.019935	-0.013329	-0.054943	-0.041683	-0.035178	
-0.071269	-0.042092	-0.014401	-0.039359	-0.012991	-0.059715	-0.019479	-0.027352	-0.033774	-0.029411	-0.041889	-0.029834	-0.025967	-0.016442	-0.009575	-0.029804	-0.024846	-0.030270	-0.042043	-0.030405	1.003292	-0.030897	-0.035821	-0.030081	-0.045020	-0.026425	-0.043799	-0.020555	-0.023490	-0.009025	-0.044380	-0.047051	-0.025449	-0.028166	-0.016015	-0.035752	
-0.064750	-0.035358	-0.039649	-0.025973	-0.045734	-0.050404	-0.040412	-0.050348	0.044348	0.155285	-0.060369	-0.047798	-0.062824	-0.011293	-0.017521	-0.043027	-0.000941	-0.010216	0.174618	-0.052518	-0.030897	0.978399	-0.029578	-0.004088	-0.063050	-0.067352	-0.055274	-0.059283	-0.028877	-0.050601	-0.079945	-0.055874	-0.050360	-0.074389	-0.057412	-0.060716	
-0.040042	-0.049808	0.003616	-0.035037	-0.003433	-0.039540	-0.015699	-0.042157	-0.026006	-0.025214	-0.049280	-0.047893	-0.039995	0.013105	-0.023523	0.037252	-0.041897	0.085374	-0.032542	-0.027809	-0.035821	-0.029578	0.960413	-0.032103	-0.034139	-0.058616	-0.023477	-0.045937	-0.015402	-0.029199	-0.064723	-0.040652	-0.045757	-0.065378	-0.055784	-0.050638	
-0.010409	-0.018890	-0.022900	-0.007410	-0.045280	-0.010002	-0.030061	-0.037652	-0.039191	-0.016575	-0.029869	-0.008519	-0.021157	-0.027632	-0.040061	0.001904	-0.032375	-0.044636	-0.018164	-0.035889	-0.030081	-0.004088	-0.032103	1.004704	-0.032838	-0.056328	-0.030984	-0.038876	0.003601	-0.027852	-0.054204	-0.050660	-0.038404	-0.053954	-0.066576	-0.055821	
-0.058199	-0.044945	-0.022527	-0.057454	-0.028250	-0.051569	-0.010664	0.019624	-0.052279	-0.065486	0.006294	-0.033423	-0.021384	-0.040173	-0.037469	-0.010691	-0.032349	-0.049957	-0.071748	0.000485	-0.045020	-0.063050	-0.034139	-0.032838	0.971641	-0.031819	0.142196	-0.023416	-0.028979	-0.025931	-0.060169	-0.019404	-0.012248	-0.065503	-0.053789	-0.055313	
-0.067120	-0.069004	-0.013469	-0.069655	-0.035469	-0.078823	-0.048905	-0.048454	-0.073766	-0.066567	-0.064017	-0.047731	-0.043908	-0.048770	-0.044205	-0.049666	-0.040679	-0.041482	-0.058354	-0.039923	-0.026425	-0.067352	-0.058616	-0.056328	-0.031819	1.062288	-0.060204	-0.056070	-0.070305	-0.022237	0.087439	-0.072595	-0.042989	0.084136	0.043281	0.214966	
-0.034635	-0.051339	-0.038342	-0.034602	-0.028749	-0.034712	-0.007182	0.000056	-0.034227	-0.074240	-0.002055	-0.004238	-0.006877	-0.029672	-0.041497	-0.036436	-0.034990	-0.026141	-0.067844	-0.009636	-0.043799	-0.055274	-0.023477	-0.030984	0.142196	-0.060204	0.997749	-0.042217	-0.032125	-0.048027	-0.058386	-0.024920	-0.021495	-0.064539	-0.067132	-0.052051	
-0.069806	-0.068702	-0.038437	-0.068581	-0.030328	-0.074596	-0.039096	0.011874	-0.061381	-0.065920	0.059399	-0.012329	-0.012074	-0.024206	-0.050599	-0.031139	-0.026194	-0.059183	-0.067210	-0.015479	-0.020555	-0.059283	-0.045937	-0.038876	-0.023416	-0.056070	-0.042217	1.037009	-0.033151	-0.017703	-0.063453	0.056536	0.100120	-0.057958	-0.027284	-0.064731	
-0.059258	-0.052726	-0.012337	-0.049613	-0.035288	-0.055686	0.007406	-0.012880	-0.031304	-0.045648	-0.020741	0.028560	-0.046071	0.010865	-0.055987	0.017607	-0.035813	-0.023545	-0.055312	-0.032825	-0.023490	-0.028877	-0.015402	0.003601	-0.028979	-0.070305	-0.032125	-0.033151	1.009045	-0.032751	-0.051533	-0.009756	-0.051790	-0.051668	-0.052657	-0.042939	
-0.062361	-0.047719	-0.030822	-0.056448	-0.028644	-0.052747	-0.044471	-0.034952	-0.046335	-0.056319	-0.018263	-0.026202	-0.000091	-0.029252	-0.018381	-0.017041	0.005418	-0.038324	-0.050337	-0.036009	-0.009025	-0.050601	-0.029199	-0.027852	-0.025931	-0.022237	-0.048027	-0.017703	-0.032751	1.003369	-0.030809	-0.027550	-0.009483	-0.027365	-0.023524	-0.024527	
-0.085072	-0.072845	-0.048647	-0.075403	-0.040169	-0.072128	-0.056580	-0.043714	-0.085932	-0.076160	-0.072724	-0.060487	-0.042337	-0.072816	-0.058234	-0.056763	-0.044924	-0.040598	-0.072724	-0.058786	-0.044380	-0.079945	-0.064723	-0.054204	-0.060169	0.087439	-0.058386	-0.063453	-0.051533	-0.030809	1.014002	-0.053961	-0.023733	0.397795	0.106828	0.065788	
-0.074184	-0.056398	-0.037531	-0.059887	-0.035906	-0.069519	-0.022402	0.017565	-0.045707	-0.044202	0.029752	-0.013388	-0.017345	-0.013087	-0.027215	-0.035758	-0.035336	-0.025454	-0.046681	-0.019935	-0.047051	-0.055874	-0.040652	-0.050660	-0.019404	-0.072595	-0.024920	0.056536	-0.009756	-0.027550	-0.053961	1.009070	0.045597	-0.068567	-0.054209	-0.052108	
-0.076487	-0.057971	-0.038607	-0.055725	-0.024824	-0.058880	-0.052846	-0.036998	-0.065156	-0.047733	-0.002656	-0.039593	-0.011882	-0.040463	-0.042471	-0.037037	-0.039802	-0.049040	-0.055713	-0.013329	-0.025449	-0.050360	-0.045757	-0.038404	-0.012248	-0.042989	-0.021495	0.100120	-0.051790	-0.009483	-0.023733	0.045597	1.015305	-0.039820	-0.028797	-0.039819	
-0.088179	-0.070754	-0.047912	-0.087855	-0.053101	-0.089182	-0.058334	-0.052664	-0.087154	-0.078820	-0.062284	-0.052488	-0.038995	-0.071599	-0.066275	-0.062805	-0.050680	-0.038617	-0.078610	-0.054943	-0.028166	-0.074389	-0.065378	-0.053954	-0.065503	0.084136	-0.064539	-0.057958	-0.051668	-0.027365	0.397795	-0.068567	-0.039820	1.089416	0.103808	0.060308	
-0.073590	-0.059787	-0.032797	-0.067900	-0.026874	-0.064820	-0.051087	-0.032806	-0.074443	-0.062368	-0.066670	-0.048625	-0.024924	-0.023546	-0.057479	-0.043268	-0.049281	-0.034533	-0.063023	-0.041683	-0.016015	-0.057412	-0.055784	-0.066576	-0.053789	0.043281	-0.067132	-0.027284	-0.052657	-0.023524	0.106828	-0.054209	-0.028797	0.103808	1.038500	0.092733	
-0.082052	-0.082955	-0.034383	-0.090912	-0.034468	-0.081417	-0.034694	-0.047967	-0.067123	-0.072760	-0.062564	-0.046875	-0.019814	-0.046735	-0.051405	-0.054591	-0.051989	-0.052457	-0.071308	-0.035178	-0.035752	-0.060716	-0.050638	-0.055821	-0.055313	0.214966	-0.052051	-0.064731	-0.042939	-0.024527	0.065788	-0.052108	-0.039819	0.060308	0.092733	1.088004	
