0.000000	0.211905	0.305953	0.216248	0.309768	0.171910	0.304072	0.315482	0.275843	0.313561	0.308572	0.306642	0.309904	0.315092	0.287494	0.308755	0.309939	0.310376	0.320195	0.306413	0.316594	0.312318	0.297768	0.292660	0.307448	0.314898	0.303325	0.314614	0.309836	0.309075	0.318939	0.311231	0.317834	0.322263	0.314717	0.319182	
0.211905	0.000000	0.303053	0.198369	0.303105	0.201537	0.299447	0.308095	0.272968	0.300860	0.301509	0.303958	0.310915	0.310016	0.287819	0.302380	0.301710	0.304751	0.307631	0.302350	0.302116	0.296283	0.300633	0.291479	0.298816	0.313585	0.303890	0.312028	0.307302	0.302823	0.312351	0.304448	0.307863	0.315906	0.309089	0.319191	
0.305953	0.303053	0.000000	0.303210	0.291647	0.305775	0.301720	0.297224	0.304958	0.310410	0.296925	0.302449	0.299367	0.305359	0.299227	0.303032	0.307385	0.307262	0.316778	0.293894	0.299434	0.304468	0.289619	0.299583	0.296514	0.300516	0.306453	0.307872	0.297762	0.304929	0.309707	0.304490	0.307130	0.312994	0.307501	0.308690	
0.216248	0.198369	0.303210	0.000000	0.302528	0.201010	0.303107	0.309033	0.274923	0.304093	0.306677	0.305344	0.311700	0.307403	0.290907	0.303194	0.302058	0.306850	0.309621	0.301624	0.302598	0.294390	0.298225	0.289581	0.303948	0.316653	0.299054	0.312785	0.305854	0.306223	0.314864	0.307650	0.306720	0.324168	0.314255	0.325053	
0.309768	0.303105	0.291647	0.302528	0.000000	0.303813	0.303757	0.301022	0.300345	0.309001	0.295825	0.306497	0.295665	0.307840	0.291197	0.302864	0.301375	0.303698	0.310170	0.283930	0.296585	0.306641	0.287910	0.304297	0.297126	0.307729	0.300613	0.303414	0.304615	0.300985	0.305121	0.302880	0.300689	0.315848	0.304169	0.310071	
0.171910	0.201537	0.305775	0.201010	0.303813	0.000000	0.303213	0.307732	0.263150	0.306852	0.304581	0.308252	0.308733	0.315022	0.285306	0.305450	0.304679	0.308756	0.310598	0.298429	0.306159	0.302351	0.297954	0.290899	0.301883	0.316373	0.297962	0.315743	0.307878	0.304085	0.313523	0.310381	0.308778	0.323867	0.311365	0.319716	
0.304072	0.299447	0.301720	0.303107	0.303757	0.303213	0.000000	0.298960	0.305297	0.308588	0.300032	0.294913	0.303572	0.306858	0.302323	0.289621	0.303833	0.305293	0.315635	0.302123	0.301779	0.306034	0.295851	0.303732	0.294164	0.313922	0.295677	0.307793	0.290663	0.308402	0.312540	0.300854	0.311341	0.318715	0.314950	0.312230	
0.315482	0.308095	0.297224	0.309033	0.301022	0.307732	0.298960	0.000000	0.299184	0.307783	0.281547	0.284475	0.302422	0.301625	0.292392	0.295113	0.303296	0.296744	0.315397	0.300103	0.302108	0.305883	0.300104	0.302218	0.282495	0.311443	0.292060	0.289123	0.295205	0.302724	0.306531	0.285535	0.301793	0.312915	0.303987	0.312230	
0.275843	0.272968	0.304958	0.274923	0.300345	0.263150	0.305297	0.299184	0.000000	0.275880	0.301924	0.303977	0.312346	0.303938	0.291052	0.303764	0.299918	0.303760	0.279296	0.303420	0.301959	0.276200	0.296544	0.302544	0.305328	0.319809	0.301991	0.314168	0.300937	0.305075	0.321076	0.304487	0.313339	0.327305	0.317682	0.318330	
0.313561	0.300860	0.310410	0.304093	0.309001	0.306852	0.308588	0.307783	0.275880	0.000000	0.308354	0.318890	0.312025	0.308389	0.287015	0.307908	0.290297	0.302059	0.204413	0.307883	0.304259	0.238310	0.297485	0.296392	0.312254	0.319992	0.318588	0.317699	0.307534	0.309757	0.318895	0.305871	0.310078	0.324615	0.315839	0.323130	
0.308572	0.301509	0.296925	0.306677	0.295825	0.304581	0.300032	0.281547	0.301924	0.308354	0.000000	0.280918	0.295587	0.298049	0.298388	0.291351	0.302366	0.296013	0.310969	0.299307	0.303905	0.307105	0.302672	0.296044	0.283747	0.316760	0.291000	0.274101	0.295606	0.295208	0.314811	0.279159	0.291071	0.315808	0.316520	0.317384	
0.306642	0.303958	0.302449	0.305344	0.306497	0.308252	0.294913	0.284475	0.303977	0.318890	0.280918	0.000000	0.299073	0.286417	0.303081	0.289987	0.302949	0.297240	0.323927	0.309695	0.301064	0.305536	0.305151	0.292854	0.300970	0.312096	0.295601	0.296246	0.283951	0.299229	0.312466	0.295394	0.304052	0.315257	0.311210	0.313319	
0.309904	0.310915	0.299367	0.311700	0.295665	0.308733	0.303572	0.302422	0.312346	0.312025	0.295587	0.299073	0.000000	0.309481	0.292764	0.303228	0.298450	0.303818	0.317158	0.291342	0.302127	0.312324	0.303413	0.298408	0.296114	0.311045	0.295572	0.297232	0.308895	0.291561	0.305356	0.296989	0.296606	0.310005	0.301774	0.304128	
0.315092	0.310016	0.305359	0.307403	0.307840	0.315022	0.306858	0.301625	0.303938	0.308389	0.298049	0.286417	0.309481	0.000000	0.311419	0.298310	0.306389	0.305705	0.308853	0.308617	0.302409	0.303642	0.286819	0.303418	0.308185	0.314079	0.305687	0.305381	0.291794	0.304135	0.320328	0.301857	0.307098	0.326317	0.306224	0.316722	
0.287494	0.287819	0.299227	0.290907	0.291197	0.285306	0.302323	0.292392	0.291052	0.287015	0.298388	0.303081	0.292764	0.311419	0.000000	0.296514	0.297690	0.293670	0.290391	0.295565	0.292460	0.292596	0.292568	0.302703	0.299657	0.306275	0.303330	0.309100	0.307507	0.295551	0.309851	0.296106	0.305149	0.316830	0.309762	0.311577	
0.308755	0.302380	0.303032	0.303194	0.302864	0.305450	0.289621	0.295113	0.303764	0.307908	0.291351	0.289987	0.303228	0.298310	0.296514	0.000000	0.303940	0.302825	0.311674	0.296442	0.301892	0.304662	0.277422	0.290606	0.291259	0.310031	0.305361	0.302770	0.284848	0.294203	0.311550	0.302746	0.304576	0.317327	0.307977	0.314980	
0.309939	0.301710	0.307385	0.302058	0.301375	0.304679	0.303833	0.303296	0.299918	0.290297	0.302366	0.302949	0.298450	0.306389	0.297690	0.303940	0.000000	0.302475	0.289343	0.300176	0.302985	0.290362	0.302750	0.300928	0.301400	0.311333	0.303432	0.304542	0.303493	0.290727	0.307797	0.301866	0.304335	0.314498	0.311461	0.314687	
0.310376	0.304751	0.307262	0.306850	0.303698	0.308756	0.305293	0.296744	0.303760	0.302059	0.296013	0.297240	0.303818	0.305705	0.293670	0.302825	0.302475	0.000000	0.304117	0.311113	0.305078	0.293529	0.262632	0.308585	0.307225	0.311397	0.304305	0.317935	0.301024	0.305706	0.306519	0.301944	0.312694	0.312455	0.307274	0.316355	
0.320195	0.307631	0.316778	0.309621	0.310170	0.310598	0.315635	0.315397	0.279296	0.204413	0.310969	0.323927	0.317158	0.308853	0.290391	0.311674	0.289343	0.304117	0.000000	0.313728	0.310349	0.238584	0.302420	0.302537	0.317270	0.319030	0.319971	0.318610	0.313284	0.312048	0.321024	0.308465	0.313752	0.327040	0.319657	0.324451	
0.306413	0.302350	0.293894	0.301624	0.283930	0.298429	0.302123	0.300103	0.303420	0.307883	0.299307	0.309695	0.291342	0.308617	0.295565	0.296442	0.300176	0.311113	0.313728	0.000000	0.301635	0.308068	0.295242	0.302482	0.287654	0.307491	0.296635	0.299501	0.304862	0.303044	0.309563	0.298372	0.296329	0.314713	0.307616	0.307845	
0.316594	0.302116	0.299434	0.302598	0.296585	0.306159	0.301779	0.302108	0.301959	0.304259	0.303905	0.301064	0.302127	0.302409	0.292460	0.301892	0.302985	0.305078	0.310349	0.301635	0.000000	0.300969	0.299903	0.300201	0.305313	0.304253	0.307631	0.301238	0.299565	0.294115	0.306838	0.308417	0.301489	0.305792	0.298090	0.307993	
0.312318	0.296283	0.304468	0.294390	0.306641	0.302351	0.306034	0.305883	0.276200	0.238310	0.307105	0.305536	0.312324	0.303642	0.292596	0.304662	0.290362	0.293529	0.238584	0.308068	0.300969	0.000000	0.296925	0.291921	0.308242	0.316644	0.310129	0.311068	0.299517	0.306507	0.319760	0.308574	0.306480	0.321103	0.310976	0.316624	
0.297768	0.300633	0.289619	0.298225	0.287910	0.297954	0.295851	0.300104	0.296544	0.297485	0.302672	0.305151	0.303413	0.286819	0.292568	0.277422	0.302750	0.262632	0.302420	0.295242	0.299903	0.296925	0.000000	0.296627	0.297056	0.313046	0.297869	0.305454	0.294807	0.300278	0.311907	0.302082	0.304108	0.317335	0.310918	0.311102	
0.292660	0.291479	0.299583	0.289581	0.304297	0.290899	0.303732	0.302218	0.302544	0.296392	0.296044	0.292854	0.298408	0.303418	0.302703	0.290606	0.300928	0.308585	0.302537	0.302482	0.300201	0.291921	0.296627	0.000000	0.298590	0.313346	0.301934	0.304883	0.290613	0.298134	0.310132	0.306443	0.303039	0.313239	0.314966	0.316176	
0.307448	0.298816	0.296514	0.303948	0.297126	0.301883	0.294164	0.282495	0.305328	0.312254	0.283747	0.300970	0.296114	0.308185	0.299657	0.291259	0.301400	0.307225	0.317270	0.287654	0.305313	0.308242	0.297056	0.298590	0.000000	0.303658	0.246940	0.299420	0.300555	0.296555	0.310402	0.293596	0.292681	0.315789	0.309757	0.311720	
0.314898	0.313585	0.300516	0.316653	0.307729	0.316373	0.313922	0.311443	0.319809	0.319992	0.316760	0.312096	0.311045	0.314079	0.306275	0.310031	0.311333	0.311397	0.319030	0.307491	0.304253	0.316644	0.313046	0.313346	0.303658	0.000000	0.315083	0.316774	0.318753	0.304922	0.264719	0.320983	0.309365	0.272557	0.283487	0.233450	
0.303325	0.303890	0.306453	0.299054	0.300613	0.297962	0.295677	0.292060	0.301991	0.318588	0.291000	0.295601	0.295572	0.305687	0.303330	0.305361	0.303432	0.304305	0.319971	0.296635	0.307631	0.310129	0.297869	0.301934	0.246940	0.315083	0.000000	0.310763	0.304285	0.307381	0.311461	0.299748	0.300885	0.318225	0.318418	0.315377	
0.314614	0.312028	0.307872	0.312785	0.303414	0.315743	0.307793	0.289123	0.314168	0.317699	0.274101	0.296246	0.297232	0.305381	0.309100	0.302770	0.304542	0.317935	0.318610	0.299501	0.301238	0.311068	0.305454	0.304883	0.299420	0.316774	0.310763	0.000000	0.304699	0.298764	0.314830	0.276744	0.263692	0.317064	0.306972	0.321673	
0.309836	0.307302	0.297762	0.305854	0.304615	0.307878	0.290663	0.295205	0.300937	0.307534	0.295606	0.283951	0.308895	0.291794	0.307507	0.284848	0.303493	0.301024	0.313284	0.304862	0.299565	0.299517	0.294807	0.290613	0.300555	0.318753	0.304285	0.304699	0.000000	0.302785	0.308359	0.295335	0.308845	0.313380	0.310961	0.311344	
0.309075	0.302823	0.304929	0.306223	0.300985	0.304085	0.308402	0.302724	0.305075	0.309757	0.295208	0.299229	0.291561	0.304135	0.295551	0.294203	0.290727	0.305706	0.312048	0.303044	0.294115	0.306507	0.300278	0.298134	0.296555	0.304922	0.307381	0.298764	0.302785	0.000000	0.302492	0.299693	0.295354	0.306264	0.301719	0.305321	
0.318939	0.312351	0.309707	0.314864	0.305121	0.313523	0.312540	0.306531	0.321076	0.318895	0.314811	0.312466	0.305356	0.320328	0.309851	0.311550	0.307797	0.306519	0.321024	0.309563	0.306838	0.319760	0.311907	0.310132	0.310402	0.264719	0.311461	0.314830	0.308359	0.302492	0.000000	0.310388	0.299206	0.174298	0.256713	0.274235	
0.311231	0.304448	0.304490	0.307650	0.302880	0.310381	0.300854	0.285535	0.304487	0.305871	0.279159	0.295394	0.296989	0.301857	0.296106	0.302746	0.301866	0.301944	0.308465	0.298372	0.308417	0.308574	0.302082	0.306443	0.293596	0.320983	0.299748	0.276744	0.295335	0.299693	0.310388	0.000000	0.275738	0.319058	0.313019	0.314515	
0.317834	0.307863	0.307130	0.306720	0.300689	0.308778	0.311341	0.301793	0.313339	0.310078	0.291071	0.304052	0.296606	0.307098	0.305149	0.304576	0.304335	0.312694	0.313752	0.296329	0.301489	0.306480	0.304108	0.303039	0.292681	0.309365	0.300885	0.263692	0.308845	0.295354	0.299206	0.275738	0.000000	0.309281	0.304813	0.308212	
0.322263	0.315906	0.312994	0.324168	0.315848	0.323867	0.318715	0.312915	0.327305	0.324615	0.315808	0.315257	0.310005	0.326317	0.316830	0.317327	0.314498	0.312455	0.327040	0.314713	0.305792	0.321103	0.317335	0.313239	0.315789	0.272557	0.318225	0.317064	0.313380	0.306264	0.174298	0.319058	0.309281	0.000000	0.265357	0.283677	
0.314717	0.309089	0.307501	0.314255	0.304169	0.311365	0.314950	0.303987	0.317682	0.315839	0.316520	0.311210	0.301774	0.306224	0.309762	0.307977	0.311461	0.307274	0.319657	0.307616	0.298090	0.310976	0.310918	0.314966	0.309757	0.283487	0.318418	0.306972	0.310961	0.301719	0.256713	0.313019	0.304813	0.265357	0.000000	0.272822	
0.319182	0.319191	0.308690	0.325053	0.310071	0.319716	0.312230	0.312230	0.318330	0.323130	0.317384	0.313319	0.304128	0.316722	0.311577	0.314980	0.314687	0.316355	0.324451	0.307845	0.307993	0.316624	0.311102	0.316176	0.311720	0.233450	0.315377	0.321673	0.311344	0.305321	0.274235	0.314515	0.308212	0.283677	0.272822	0.000000	
