0.000000	0.304511	0.291436	0.287316	0.301401	0.303181	0.141088	0.137133	0.297673	0.287676	0.303369	0.300444	0.295036	0.294468	0.291698	0.303847	0.290553	0.286142	0.304332	0.289586	0.308775	0.299257	0.307804	0.312150	0.294720	0.301077	0.304711	0.303892	0.293347	0.307702	0.292698	0.303074	0.284965	0.288211	0.297456	0.291866	0.297936	0.285347	0.287103	0.290375	0.289357	0.299500	0.304204	0.291835	0.321878	0.315919	0.319390	0.319339	0.324583	0.321285	0.319490	0.321415	0.305871	0.321920	0.307974	0.292589	0.293161	0.308480	0.293253	0.304537	0.311654	0.309492	0.312568	0.316046	0.310806	0.306263	0.309874	0.303944	0.306755	0.312417	0.296183	0.307534	0.309777	0.297828	0.294299	0.308366	0.317151	0.312235	0.310468	0.312317	0.295148	0.313677	0.309658	0.312578	0.311570	0.295745	0.317617	0.300184	0.312020	0.307352	0.316663	0.312570	0.312547	
0.304511	0.000000	0.217351	0.302309	0.165201	0.212408	0.302234	0.306921	0.173293	0.310296	0.309422	0.160194	0.160456	0.264822	0.305689	0.318182	0.307747	0.305542	0.164151	0.308538	0.321908	0.310994	0.322454	0.321462	0.276901	0.317757	0.315180	0.321836	0.310750	0.319879	0.313920	0.305692	0.309006	0.317414	0.315716	0.309040	0.313846	0.294461	0.310000	0.291960	0.305381	0.313986	0.305152	0.304950	0.339194	0.336085	0.328947	0.338775	0.339218	0.340883	0.336683	0.344239	0.315581	0.345122	0.309430	0.308001	0.309575	0.320959	0.305946	0.311900	0.316256	0.320910	0.318763	0.329207	0.317556	0.318014	0.313236	0.324624	0.322707	0.315924	0.311579	0.317022	0.318991	0.312573	0.311630	0.323195	0.336704	0.339016	0.328764	0.334114	0.303797	0.333805	0.333963	0.337355	0.342743	0.299024	0.337541	0.318033	0.338397	0.317401	0.340346	0.330705	0.339362	
0.291436	0.217351	0.000000	0.299037	0.205446	0.201607	0.291119	0.297968	0.201998	0.292631	0.296807	0.207013	0.199910	0.268736	0.280660	0.304048	0.291859	0.292024	0.203074	0.299013	0.310560	0.294214	0.314123	0.304864	0.279509	0.300098	0.300774	0.301983	0.289723	0.308251	0.293407	0.286109	0.297268	0.287973	0.281784	0.292135	0.297366	0.287144	0.288257	0.285129	0.290675	0.299101	0.298807	0.295053	0.318556	0.320377	0.317486	0.324154	0.326624	0.319456	0.321795	0.322186	0.300683	0.324038	0.299794	0.299537	0.297736	0.309727	0.298217	0.303571	0.302874	0.306939	0.307385	0.323653	0.312846	0.309511	0.309526	0.305054	0.307553	0.305189	0.302723	0.312164	0.308939	0.300173	0.298486	0.306986	0.319392	0.319959	0.314546	0.321278	0.297613	0.322771	0.317017	0.320644	0.323876	0.290974	0.321459	0.301803	0.320272	0.309027	0.319689	0.323286	0.320178	
0.287316	0.302309	0.299037	0.000000	0.301432	0.300345	0.286234	0.291286	0.308174	0.288877	0.292554	0.307733	0.303147	0.289988	0.298195	0.304041	0.291120	0.294705	0.304416	0.296545	0.307318	0.294860	0.305441	0.299917	0.281790	0.309799	0.303429	0.303480	0.302697	0.303500	0.292533	0.302323	0.297393	0.282308	0.296600	0.298545	0.294866	0.285145	0.294479	0.290281	0.296353	0.296540	0.287028	0.302343	0.312952	0.317047	0.313999	0.315055	0.315397	0.317964	0.314984	0.318108	0.298525	0.324693	0.301307	0.302140	0.299947	0.305336	0.302840	0.298805	0.309531	0.301922	0.304352	0.314457	0.304224	0.304698	0.302085	0.301195	0.302132	0.303077	0.305375	0.309247	0.301490	0.301775	0.307871	0.306090	0.310920	0.308690	0.306120	0.308704	0.296277	0.311683	0.310095	0.316081	0.310218	0.302440	0.314886	0.298847	0.305044	0.300421	0.308926	0.312850	0.308945	
0.301401	0.165201	0.205446	0.301432	0.000000	0.203775	0.300750	0.302315	0.153424	0.299779	0.304702	0.150100	0.152709	0.259486	0.292606	0.311178	0.301030	0.306080	0.152761	0.308259	0.315731	0.309889	0.317278	0.309022	0.277020	0.311754	0.309929	0.312270	0.295819	0.313335	0.304368	0.293656	0.301037	0.299399	0.293538	0.303289	0.306503	0.292277	0.307198	0.287440	0.305622	0.308842	0.308738	0.297303	0.332254	0.335286	0.330597	0.337590	0.334526	0.332963	0.336331	0.334711	0.306930	0.339178	0.309235	0.307736	0.306187	0.314668	0.307194	0.312196	0.312647	0.311532	0.314023	0.330454	0.311824	0.316689	0.311811	0.312108	0.315633	0.309163	0.308717	0.315347	0.313294	0.312375	0.307137	0.316136	0.327444	0.330744	0.324132	0.328958	0.306701	0.333146	0.328328	0.333069	0.328773	0.305821	0.327557	0.307959	0.332039	0.314638	0.329111	0.328714	0.330447	
0.303181	0.212408	0.201607	0.300345	0.203775	0.000000	0.299313	0.304955	0.206629	0.293831	0.303898	0.204188	0.200221	0.270299	0.294411	0.303374	0.302130	0.296794	0.200698	0.304532	0.315574	0.309202	0.315084	0.306015	0.286818	0.308672	0.300409	0.305805	0.299635	0.310473	0.301361	0.297249	0.304509	0.299202	0.294736	0.303389	0.303394	0.297504	0.297224	0.286645	0.295688	0.303162	0.311104	0.297714	0.326064	0.332228	0.327571	0.329436	0.329223	0.325192	0.331692	0.329554	0.308995	0.337012	0.306537	0.307518	0.305070	0.310653	0.306958	0.307282	0.311306	0.312998	0.308389	0.330192	0.315801	0.311123	0.312174	0.308903	0.317045	0.307370	0.311078	0.314211	0.310439	0.309806	0.307462	0.313266	0.327958	0.331313	0.331726	0.331960	0.305523	0.331093	0.324327	0.333693	0.330423	0.306622	0.326980	0.315868	0.334702	0.319566	0.326905	0.324654	0.331345	
0.141088	0.302234	0.291119	0.286234	0.300750	0.299313	0.000000	0.138280	0.295186	0.289149	0.303441	0.298763	0.294661	0.295332	0.294518	0.306690	0.294316	0.287525	0.296963	0.291547	0.307762	0.298395	0.309744	0.312250	0.289175	0.306797	0.309790	0.312493	0.297344	0.311848	0.298837	0.301996	0.284876	0.294403	0.304634	0.300370	0.297146	0.277342	0.291915	0.292364	0.298851	0.300138	0.305344	0.290840	0.319176	0.317907	0.321081	0.320792	0.328451	0.321187	0.321789	0.324496	0.307966	0.321514	0.309751	0.301649	0.299801	0.311154	0.294952	0.308899	0.312088	0.309751	0.309600	0.318633	0.312278	0.307316	0.315556	0.310129	0.312479	0.312265	0.302855	0.312065	0.309850	0.301922	0.300046	0.311498	0.321948	0.316719	0.311837	0.316625	0.295165	0.320422	0.316435	0.318587	0.321035	0.295825	0.320679	0.304784	0.316567	0.311142	0.315928	0.321318	0.318429	
0.137133	0.306921	0.297968	0.291286	0.302315	0.304955	0.138280	0.000000	0.299245	0.290425	0.304105	0.299495	0.292458	0.297995	0.291838	0.309575	0.290682	0.292178	0.299434	0.292137	0.309851	0.304326	0.308896	0.309179	0.290588	0.302838	0.306995	0.307336	0.299446	0.310112	0.292674	0.297935	0.284440	0.290717	0.303144	0.298477	0.297997	0.277281	0.298604	0.291063	0.299391	0.300970	0.309448	0.292824	0.317977	0.319717	0.315148	0.318234	0.324392	0.322428	0.318113	0.320414	0.305192	0.320935	0.306208	0.299197	0.304522	0.311840	0.299989	0.306434	0.311326	0.308109	0.311540	0.317356	0.311321	0.306070	0.308671	0.308755	0.306493	0.310638	0.302900	0.309889	0.309034	0.300451	0.300569	0.309306	0.316935	0.313887	0.310921	0.313818	0.298242	0.322592	0.315526	0.318218	0.320401	0.293754	0.321260	0.306483	0.311411	0.313612	0.320045	0.319958	0.311972	
0.297673	0.173293	0.201998	0.308174	0.153424	0.206629	0.295186	0.299245	0.000000	0.299179	0.307634	0.144554	0.150044	0.259400	0.294739	0.308565	0.298395	0.303540	0.147697	0.311680	0.320953	0.310094	0.324641	0.316194	0.278868	0.306664	0.310305	0.309108	0.302514	0.321705	0.306798	0.296083	0.301153	0.301114	0.295981	0.299446	0.303299	0.293169	0.306052	0.289115	0.304751	0.304660	0.305203	0.295131	0.333192	0.336005	0.333440	0.337200	0.338648	0.332386	0.336989	0.335482	0.314831	0.341405	0.317138	0.305944	0.308257	0.320878	0.306884	0.314553	0.320023	0.321353	0.318541	0.331887	0.319738	0.323754	0.319645	0.316613	0.319992	0.315999	0.310781	0.321863	0.317405	0.307522	0.308846	0.324084	0.324769	0.328511	0.322767	0.327315	0.312068	0.331626	0.327869	0.331214	0.329429	0.303129	0.329788	0.309731	0.330913	0.317408	0.328062	0.331482	0.331310	
0.287676	0.310296	0.292631	0.288877	0.299779	0.293831	0.289149	0.290425	0.299179	0.000000	0.289058	0.296392	0.298372	0.296518	0.292485	0.275127	0.282141	0.272117	0.297252	0.287731	0.289021	0.284973	0.290365	0.289334	0.294574	0.278725	0.278157	0.277562	0.292552	0.291065	0.288899	0.296248	0.297723	0.289923	0.299309	0.289167	0.286977	0.275486	0.290449	0.288604	0.294016	0.287618	0.301767	0.281023	0.310352	0.312753	0.313704	0.312054	0.310672	0.315312	0.312143	0.313996	0.287397	0.316124	0.286871	0.299515	0.297151	0.292063	0.301503	0.292313	0.286634	0.291406	0.289983	0.313558	0.288933	0.292975	0.291218	0.289707	0.287140	0.294533	0.304571	0.289572	0.288387	0.299900	0.301033	0.294287	0.319282	0.327121	0.320216	0.320155	0.285491	0.327091	0.322714	0.320847	0.325831	0.309986	0.322259	0.304174	0.320385	0.299732	0.324058	0.320580	0.320041	
0.303369	0.309422	0.296807	0.292554	0.304702	0.303898	0.303441	0.304105	0.307634	0.289058	0.000000	0.308966	0.304821	0.293205	0.297702	0.289416	0.276829	0.275887	0.308302	0.297457	0.291422	0.286186	0.300596	0.289620	0.281091	0.286939	0.292993	0.290581	0.298382	0.297209	0.288130	0.294516	0.295295	0.290792	0.291173	0.280854	0.275254	0.292865	0.278670	0.289910	0.281661	0.279418	0.302652	0.276642	0.298643	0.304117	0.301025	0.303344	0.303416	0.301840	0.300169	0.299910	0.287295	0.300597	0.295044	0.310019	0.305546	0.291936	0.303899	0.289510	0.289702	0.294292	0.297229	0.301733	0.294064	0.292725	0.294359	0.290340	0.287704	0.292349	0.305131	0.298621	0.293487	0.306084	0.301073	0.294021	0.307304	0.318424	0.317481	0.315594	0.273067	0.311886	0.307430	0.312186	0.312335	0.299574	0.313059	0.301186	0.318256	0.298876	0.309254	0.314118	0.315282	
0.300444	0.160194	0.207013	0.307733	0.150100	0.204188	0.298763	0.299495	0.144554	0.296392	0.308966	0.000000	0.148470	0.257884	0.296811	0.312614	0.298126	0.306101	0.152225	0.310914	0.324486	0.311793	0.326034	0.315342	0.278719	0.309156	0.311377	0.311274	0.301256	0.323132	0.303646	0.301091	0.300529	0.304526	0.300974	0.301596	0.304041	0.294321	0.306434	0.284700	0.305968	0.304592	0.303043	0.296088	0.332181	0.332534	0.335728	0.336422	0.340241	0.333656	0.334635	0.335706	0.314841	0.338336	0.316534	0.302336	0.305204	0.321015	0.305237	0.315619	0.320766	0.320794	0.321294	0.333997	0.320650	0.319437	0.318947	0.319894	0.321668	0.316431	0.307509	0.324030	0.318401	0.309118	0.304746	0.324887	0.330265	0.335916	0.325548	0.332939	0.312832	0.333841	0.330149	0.333809	0.332068	0.306361	0.329858	0.313764	0.338057	0.312344	0.332294	0.330047	0.335835	
0.295036	0.160456	0.199910	0.303147	0.152709	0.200221	0.294661	0.292458	0.150044	0.298372	0.304821	0.148470	0.000000	0.253942	0.290067	0.308246	0.302712	0.297124	0.150243	0.306475	0.320106	0.306355	0.320873	0.312645	0.274642	0.304707	0.310691	0.310790	0.297886	0.318390	0.299223	0.293729	0.300000	0.296397	0.288681	0.301571	0.302249	0.294925	0.304954	0.286243	0.299706	0.305030	0.309081	0.294315	0.328912	0.332621	0.331349	0.332613	0.332177	0.330302	0.331570	0.330890	0.308892	0.339214	0.309468	0.297942	0.299546	0.315743	0.299274	0.310891	0.317566	0.314184	0.319654	0.325467	0.316454	0.316004	0.310463	0.315199	0.313592	0.315859	0.302359	0.320375	0.316196	0.304900	0.304123	0.323094	0.328342	0.329936	0.322976	0.327661	0.306600	0.333109	0.328930	0.328399	0.328373	0.302929	0.323461	0.309316	0.331596	0.312164	0.329559	0.327850	0.330682	
0.294468	0.264822	0.268736	0.289988	0.259486	0.270299	0.295332	0.297995	0.259400	0.296518	0.293205	0.257884	0.253942	0.000000	0.257656	0.304865	0.299860	0.289751	0.260846	0.296772	0.303435	0.300322	0.307329	0.299177	0.276466	0.299117	0.301639	0.304187	0.294103	0.299894	0.288547	0.262023	0.303066	0.295597	0.261203	0.304766	0.302517	0.291591	0.296397	0.290922	0.297245	0.299046	0.313276	0.293604	0.320891	0.322619	0.316916	0.319006	0.324247	0.317439	0.321491	0.317710	0.300880	0.327702	0.300985	0.302037	0.301815	0.304411	0.307774	0.299659	0.305449	0.302727	0.300939	0.316401	0.306661	0.306928	0.301360	0.297055	0.307467	0.302028	0.308331	0.303511	0.303609	0.308092	0.309516	0.303897	0.323798	0.323523	0.322560	0.327019	0.298656	0.329909	0.324125	0.330164	0.329383	0.295411	0.329182	0.305535	0.319126	0.309547	0.324356	0.327509	0.326710	
0.291698	0.305689	0.280660	0.298195	0.292606	0.294411	0.294518	0.291838	0.294739	0.292485	0.297702	0.296811	0.290067	0.257656	0.000000	0.297740	0.296355	0.293486	0.293221	0.297765	0.306706	0.293651	0.312245	0.304512	0.277240	0.295701	0.299912	0.298664	0.266823	0.309792	0.282940	0.188655	0.295044	0.288865	0.222148	0.298018	0.301182	0.280098	0.301940	0.280973	0.300922	0.302831	0.290269	0.300146	0.324065	0.325296	0.321794	0.321652	0.319969	0.318965	0.324986	0.321081	0.301382	0.328935	0.306011	0.302178	0.299445	0.305842	0.300011	0.308977	0.311499	0.304639	0.307266	0.321502	0.311255	0.309828	0.306633	0.309495	0.307599	0.305881	0.301927	0.308347	0.300916	0.299777	0.304392	0.310775	0.314267	0.310596	0.309185	0.310552	0.289940	0.317651	0.314075	0.315163	0.313369	0.294785	0.313708	0.294794	0.312507	0.303292	0.312257	0.315808	0.309366	
0.303847	0.318182	0.304048	0.304041	0.311178	0.303374	0.306690	0.309575	0.308565	0.275127	0.289416	0.312614	0.308246	0.304865	0.297740	0.000000	0.286893	0.285120	0.310038	0.306112	0.292441	0.292718	0.292812	0.290837	0.297725	0.151604	0.147533	0.150089	0.301573	0.298164	0.296096	0.298560	0.295536	0.292254	0.293731	0.295247	0.297911	0.272967	0.299020	0.286187	0.303512	0.298443	0.309451	0.300719	0.319945	0.323818	0.323905	0.322995	0.328290	0.324217	0.322189	0.318202	0.288139	0.322855	0.292637	0.302839	0.300805	0.293600	0.304641	0.293450	0.299660	0.299566	0.295877	0.322131	0.291354	0.293292	0.291108	0.288990	0.288382	0.292749	0.307977	0.297975	0.293964	0.300977	0.303282	0.294911	0.327665	0.326148	0.325472	0.326220	0.299090	0.322639	0.320767	0.330581	0.323402	0.310291	0.327814	0.310308	0.325092	0.307643	0.321829	0.325382	0.325381	
0.290553	0.307747	0.291859	0.291120	0.301030	0.302130	0.294316	0.290682	0.298395	0.282141	0.276829	0.298126	0.302712	0.299860	0.296355	0.286893	0.000000	0.273932	0.302257	0.291505	0.295939	0.292436	0.296942	0.288910	0.291252	0.292100	0.289060	0.291280	0.290037	0.300108	0.291422	0.299770	0.294441	0.285877	0.305815	0.278418	0.278139	0.290795	0.281520	0.287503	0.278961	0.274787	0.308224	0.279839	0.285406	0.290639	0.288623	0.293204	0.290218	0.290167	0.288832	0.287741	0.285128	0.290581	0.295661	0.292857	0.290539	0.293736	0.294296	0.291898	0.304329	0.292418	0.293150	0.289817	0.294975	0.291689	0.293955	0.290841	0.294569	0.295447	0.291969	0.297280	0.293293	0.295190	0.288569	0.296153	0.325685	0.325054	0.322761	0.326795	0.275518	0.325784	0.322038	0.326448	0.326054	0.286513	0.324522	0.311756	0.327890	0.310754	0.322824	0.326225	0.322709	
0.286142	0.305542	0.292024	0.294705	0.306080	0.296794	0.287525	0.292178	0.303540	0.272117	0.275887	0.306101	0.297124	0.289751	0.293486	0.285120	0.273932	0.000000	0.303753	0.283549	0.277714	0.270973	0.282078	0.276620	0.291623	0.284932	0.285434	0.284305	0.289291	0.278927	0.279389	0.297975	0.302970	0.293788	0.290371	0.299789	0.291948	0.283238	0.291827	0.280784	0.297969	0.293296	0.299732	0.277459	0.303058	0.305608	0.303179	0.296349	0.309155	0.306437	0.296899	0.304265	0.274047	0.310422	0.277043	0.301368	0.295161	0.274343	0.295951	0.280274	0.278508	0.278646	0.282140	0.299156	0.283293	0.277324	0.277669	0.273751	0.274607	0.273840	0.305241	0.279834	0.274865	0.295986	0.300764	0.278639	0.322528	0.320117	0.313963	0.316579	0.283380	0.319934	0.319288	0.319061	0.317687	0.294015	0.317053	0.298205	0.317571	0.299275	0.314830	0.319157	0.317864	
0.304332	0.164151	0.203074	0.304416	0.152761	0.200698	0.296963	0.299434	0.147697	0.297252	0.308302	0.152225	0.150243	0.260846	0.293221	0.310038	0.302257	0.303753	0.000000	0.312860	0.319920	0.313097	0.318987	0.309284	0.275631	0.310613	0.309049	0.310036	0.300228	0.315874	0.307701	0.291270	0.302472	0.302141	0.295435	0.303456	0.302136	0.295205	0.308834	0.288762	0.305243	0.306194	0.306242	0.299358	0.336533	0.337534	0.332616	0.337557	0.338720	0.334995	0.339631	0.341737	0.311740	0.344895	0.310474	0.301930	0.302020	0.319597	0.303173	0.313489	0.318766	0.317297	0.312586	0.335661	0.316381	0.320135	0.313296	0.312743	0.315519	0.310982	0.306655	0.316529	0.314645	0.307643	0.304432	0.318647	0.329623	0.331677	0.324091	0.331170	0.309241	0.336345	0.329508	0.333913	0.333977	0.310908	0.329336	0.308514	0.331742	0.314001	0.332484	0.329675	0.332424	
0.289586	0.308538	0.299013	0.296545	0.308259	0.304532	0.291547	0.292137	0.311680	0.287731	0.297457	0.310914	0.306475	0.296772	0.297765	0.306112	0.291505	0.283549	0.312860	0.000000	0.308469	0.295451	0.308024	0.302431	0.289001	0.307520	0.301030	0.301443	0.293939	0.303127	0.295947	0.295071	0.289847	0.288229	0.299637	0.299381	0.298625	0.290824	0.302156	0.292295	0.302686	0.297060	0.304306	0.287037	0.302491	0.306745	0.298994	0.299544	0.304214	0.301791	0.303569	0.302682	0.300999	0.305731	0.305373	0.291550	0.292876	0.305918	0.295946	0.301340	0.310064	0.306216	0.306204	0.300608	0.302754	0.302348	0.305879	0.305625	0.301557	0.298212	0.300139	0.303799	0.304403	0.296312	0.292285	0.306949	0.316713	0.317334	0.314292	0.313512	0.280000	0.316054	0.313799	0.323225	0.317867	0.286890	0.313548	0.295428	0.313891	0.296877	0.314090	0.316576	0.315807	
0.308775	0.321908	0.310560	0.307318	0.315731	0.315574	0.307762	0.309851	0.320953	0.289021	0.291422	0.324486	0.320106	0.303435	0.306706	0.292441	0.295939	0.277714	0.319920	0.308469	0.000000	0.283680	0.151697	0.150203	0.302291	0.297069	0.296501	0.295712	0.310103	0.152766	0.287797	0.303166	0.308882	0.302721	0.294883	0.308858	0.303633	0.283906	0.305737	0.284115	0.312099	0.306480	0.318751	0.299218	0.325934	0.328055	0.322646	0.323742	0.322635	0.326883	0.320502	0.328125	0.155939	0.327832	0.154707	0.315598	0.312165	0.156166	0.315634	0.156243	0.162010	0.152094	0.150187	0.321102	0.161720	0.156127	0.153719	0.152062	0.150897	0.157344	0.318235	0.158752	0.153050	0.312933	0.311097	0.151173	0.326513	0.324354	0.323185	0.324628	0.296238	0.326158	0.322625	0.321952	0.328995	0.310446	0.326467	0.318196	0.322567	0.320076	0.324681	0.322483	0.321352	
0.299257	0.310994	0.294214	0.294860	0.309889	0.309202	0.298395	0.304326	0.310094	0.284973	0.286186	0.311793	0.306355	0.300322	0.293651	0.292718	0.292436	0.270973	0.313097	0.295451	0.283680	0.000000	0.291320	0.286631	0.296598	0.294735	0.293618	0.300518	0.287785	0.287025	0.287347	0.290874	0.305326	0.290783	0.290411	0.302163	0.297022	0.269960	0.295031	0.283281	0.305291	0.298773	0.305829	0.295683	0.303123	0.311720	0.309574	0.312664	0.309636	0.311623	0.307871	0.308722	0.287925	0.310412	0.287740	0.300950	0.297959	0.286306	0.297656	0.287172	0.282478	0.283832	0.292414	0.304341	0.290942	0.284115	0.286103	0.287792	0.284163	0.286241	0.300519	0.294099	0.289832	0.302908	0.298731	0.287049	0.319566	0.321135	0.318241	0.323425	0.293707	0.319298	0.318787	0.321075	0.325521	0.294781	0.317325	0.306073	0.323681	0.301023	0.320006	0.324591	0.323505	
0.307804	0.322454	0.314123	0.305441	0.317278	0.315084	0.309744	0.308896	0.324641	0.290365	0.300596	0.326034	0.320873	0.307329	0.312245	0.292812	0.296942	0.282078	0.318987	0.308024	0.151697	0.291320	0.000000	0.152440	0.305561	0.294792	0.294326	0.297558	0.307211	0.152085	0.292884	0.310044	0.308298	0.303643	0.305817	0.310662	0.309309	0.288271	0.310588	0.294860	0.315823	0.311596	0.324060	0.305965	0.326646	0.327994	0.327822	0.328384	0.328379	0.331176	0.323094	0.329465	0.154834	0.330855	0.155185	0.323605	0.320167	0.146071	0.319028	0.161740	0.158566	0.156873	0.155133	0.327347	0.157148	0.152577	0.152149	0.153055	0.149866	0.152996	0.325922	0.154292	0.153687	0.321425	0.320089	0.156889	0.329298	0.330632	0.326394	0.329250	0.302775	0.329346	0.330097	0.328814	0.335058	0.314865	0.333403	0.319339	0.326724	0.317457	0.330581	0.331499	0.325204	
0.312150	0.321462	0.304864	0.299917	0.309022	0.306015	0.312250	0.309179	0.316194	0.289334	0.289620	0.315342	0.312645	0.299177	0.304512	0.290837	0.288910	0.276620	0.309284	0.302431	0.150203	0.286631	0.152440	0.000000	0.301616	0.293165	0.292930	0.290911	0.304435	0.152820	0.294624	0.303071	0.304417	0.296879	0.296795	0.306392	0.305957	0.288015	0.307622	0.289333	0.314194	0.307765	0.316901	0.301124	0.322625	0.321204	0.319906	0.321065	0.321913	0.323353	0.320092	0.324566	0.149302	0.325613	0.156112	0.320615	0.311087	0.152558	0.318908	0.156208	0.154332	0.147821	0.151420	0.318958	0.151791	0.156607	0.151342	0.150160	0.151873	0.149969	0.317497	0.152854	0.151968	0.313825	0.314789	0.154638	0.322564	0.320607	0.318235	0.323852	0.292551	0.324785	0.321197	0.319377	0.324373	0.313420	0.323743	0.314419	0.317829	0.312440	0.323551	0.320347	0.321344	
0.294720	0.276901	0.279509	0.281790	0.277020	0.286818	0.289175	0.290588	0.278868	0.294574	0.281091	0.278719	0.274642	0.276466	0.277240	0.297725	0.291252	0.291623	0.275631	0.289001	0.302291	0.296598	0.305561	0.301616	0.000000	0.294194	0.292883	0.296185	0.294725	0.301045	0.280664	0.270434	0.289004	0.285959	0.278312	0.297054	0.295874	0.286624	0.298452	0.299832	0.300247	0.298270	0.295281	0.298562	0.323722	0.328006	0.321688	0.328122	0.323002	0.327127	0.320503	0.327345	0.298827	0.324545	0.299860	0.298558	0.291658	0.302774	0.292124	0.299827	0.308101	0.301921	0.305246	0.324015	0.301122	0.299405	0.301392	0.298335	0.299449	0.305354	0.301456	0.307742	0.306979	0.297865	0.296719	0.303777	0.314927	0.317495	0.312296	0.314372	0.297502	0.316730	0.312885	0.316475	0.316667	0.302517	0.314399	0.302391	0.312400	0.306297	0.314127	0.314061	0.315703	
0.301077	0.317757	0.300098	0.309799	0.311754	0.308672	0.306797	0.302838	0.306664	0.278725	0.286939	0.309156	0.304707	0.299117	0.295701	0.151604	0.292100	0.284932	0.310613	0.307520	0.297069	0.294735	0.294792	0.293165	0.294194	0.000000	0.153221	0.152496	0.300658	0.295413	0.296745	0.300611	0.296607	0.295932	0.293288	0.297346	0.300946	0.270256	0.299269	0.284030	0.304101	0.301753	0.315006	0.299627	0.319996	0.320404	0.322851	0.323196	0.323620	0.320918	0.321795	0.322421	0.288861	0.321874	0.292748	0.300270	0.298172	0.292290	0.302331	0.293518	0.297178	0.296767	0.292536	0.319346	0.291995	0.293055	0.294989	0.290776	0.289680	0.295028	0.305813	0.295340	0.294464	0.295703	0.299839	0.295563	0.328463	0.330409	0.329028	0.331104	0.298270	0.330046	0.327349	0.335784	0.329268	0.310520	0.334427	0.309506	0.334004	0.320201	0.328815	0.328379	0.332789	
0.304711	0.315180	0.300774	0.303429	0.309929	0.300409	0.309790	0.306995	0.310305	0.278157	0.292993	0.311377	0.310691	0.301639	0.299912	0.147533	0.289060	0.285434	0.309049	0.301030	0.296501	0.293618	0.294326	0.292930	0.292883	0.153221	0.000000	0.150026	0.305134	0.300842	0.297657	0.298238	0.298288	0.295518	0.290663	0.296085	0.298281	0.272938	0.298405	0.289592	0.302840	0.298531	0.310577	0.292506	0.317776	0.321933	0.320072	0.325073	0.324858	0.320096	0.321090	0.317007	0.290747	0.322528	0.292437	0.294539	0.294848	0.290642	0.299905	0.291879	0.294034	0.298638	0.292081	0.317927	0.294402	0.295612	0.289670	0.290903	0.291093	0.293444	0.298693	0.298896	0.294864	0.297527	0.295418	0.299832	0.324097	0.326765	0.323651	0.323933	0.296582	0.325106	0.325166	0.326524	0.320787	0.307741	0.326262	0.309637	0.328109	0.314905	0.323640	0.320649	0.321171	
0.303892	0.321836	0.301983	0.303480	0.312270	0.305805	0.312493	0.307336	0.309108	0.277562	0.290581	0.311274	0.310790	0.304187	0.298664	0.150089	0.291280	0.284305	0.310036	0.301443	0.295712	0.300518	0.297558	0.290911	0.296185	0.152496	0.150026	0.000000	0.307653	0.296984	0.299245	0.302310	0.305688	0.298964	0.292008	0.296158	0.298798	0.278079	0.297194	0.288701	0.309901	0.298888	0.311580	0.300659	0.322091	0.323633	0.323422	0.325217	0.329288	0.321206	0.323623	0.323655	0.290801	0.322937	0.296653	0.299429	0.299104	0.295779	0.300796	0.297337	0.298722	0.299755	0.295229	0.322356	0.292415	0.296463	0.293982	0.295782	0.289875	0.296044	0.309180	0.297121	0.297294	0.300676	0.304544	0.301899	0.329473	0.329237	0.330336	0.327904	0.301116	0.330309	0.329785	0.331183	0.328365	0.309446	0.333228	0.312082	0.328484	0.316098	0.330661	0.327940	0.328248	
0.293347	0.310750	0.289723	0.302697	0.295819	0.299635	0.297344	0.299446	0.302514	0.292552	0.298382	0.301256	0.297886	0.294103	0.266823	0.301573	0.290037	0.289291	0.300228	0.293939	0.310103	0.287785	0.307211	0.304435	0.294725	0.300658	0.305134	0.307653	0.000000	0.303443	0.289970	0.274160	0.295757	0.288034	0.281175	0.301553	0.300283	0.298798	0.305081	0.293907	0.309488	0.301834	0.301658	0.298197	0.321397	0.324634	0.318402	0.317724	0.316403	0.319516	0.321791	0.315571	0.298058	0.323907	0.302205	0.302397	0.297225	0.300985	0.299151	0.299987	0.302100	0.308042	0.305461	0.314524	0.302193	0.300451	0.301714	0.301837	0.306347	0.307586	0.301105	0.308774	0.303623	0.296193	0.300179	0.304238	0.309500	0.313813	0.314796	0.313361	0.297212	0.316071	0.310871	0.312748	0.313454	0.301477	0.313770	0.302370	0.314570	0.299809	0.316355	0.316875	0.314106	
0.307702	0.319879	0.308251	0.303500	0.313335	0.310473	0.311848	0.310112	0.321705	0.291065	0.297209	0.323132	0.318390	0.299894	0.309792	0.298164	0.300108	0.278927	0.315874	0.303127	0.152766	0.287025	0.152085	0.152820	0.301045	0.295413	0.300842	0.296984	0.303443	0.000000	0.297330	0.306963	0.307553	0.299571	0.300833	0.309610	0.311896	0.289339	0.311362	0.288804	0.314319	0.309056	0.318588	0.304515	0.324468	0.325489	0.323567	0.323686	0.325686	0.326636	0.319331	0.323394	0.153887	0.329040	0.152206	0.318919	0.314685	0.150437	0.314797	0.156197	0.155590	0.152257	0.155364	0.322647	0.154489	0.155894	0.156263	0.152099	0.158892	0.156590	0.320956	0.150037	0.162414	0.314125	0.316287	0.149873	0.328218	0.328608	0.323289	0.328773	0.301377	0.327547	0.325999	0.325795	0.329983	0.311342	0.328858	0.315223	0.321179	0.311731	0.327017	0.326187	0.324660	
0.292698	0.313920	0.293407	0.292533	0.304368	0.301361	0.298837	0.292674	0.306798	0.288899	0.288130	0.303646	0.299223	0.288547	0.282940	0.296096	0.291422	0.279389	0.307701	0.295947	0.287797	0.287347	0.292884	0.294624	0.280664	0.296745	0.297657	0.299245	0.289970	0.297330	0.000000	0.278616	0.299089	0.289787	0.277895	0.301129	0.303412	0.254878	0.296645	0.300665	0.300993	0.298791	0.291546	0.292794	0.317198	0.317779	0.318889	0.323002	0.324210	0.320742	0.319972	0.318789	0.292407	0.323151	0.287489	0.307753	0.303857	0.289629	0.310215	0.288786	0.292511	0.292050	0.289928	0.311864	0.292237	0.288502	0.292557	0.287261	0.288806	0.292216	0.309271	0.296076	0.292897	0.309143	0.304786	0.293889	0.306520	0.304935	0.301808	0.303124	0.286001	0.303623	0.305909	0.308710	0.309582	0.303232	0.307701	0.293327	0.306724	0.293455	0.301979	0.306883	0.297316	
0.303074	0.305692	0.286109	0.302323	0.293656	0.297249	0.301996	0.297935	0.296083	0.296248	0.294516	0.301091	0.293729	0.262023	0.188655	0.298560	0.299770	0.297975	0.291270	0.295071	0.303166	0.290874	0.310044	0.303071	0.270434	0.300611	0.298238	0.302310	0.274160	0.306963	0.278616	0.000000	0.298323	0.294075	0.225748	0.297322	0.301872	0.275232	0.297033	0.281783	0.302259	0.303243	0.298845	0.305357	0.322800	0.324519	0.323731	0.323761	0.322053	0.322061	0.324432	0.319025	0.303078	0.327835	0.303212	0.310226	0.307719	0.301626	0.308957	0.308967	0.312759	0.304819	0.301952	0.322328	0.305244	0.304888	0.303332	0.302354	0.301026	0.306718	0.311867	0.306459	0.305244	0.305012	0.311314	0.307510	0.313672	0.312007	0.311999	0.309144	0.297045	0.312179	0.312635	0.315656	0.313127	0.298432	0.312768	0.299263	0.309572	0.301183	0.310524	0.313061	0.307683	
0.284965	0.309006	0.297268	0.297393	0.301037	0.304509	0.284876	0.284440	0.301153	0.297723	0.295295	0.300529	0.300000	0.303066	0.295044	0.295536	0.294441	0.302970	0.302472	0.289847	0.308882	0.305326	0.308298	0.304417	0.289004	0.296607	0.298288	0.305688	0.295757	0.307553	0.299089	0.298323	0.000000	0.295171	0.297845	0.297173	0.299556	0.294599	0.286991	0.299251	0.296917	0.295991	0.308721	0.293166	0.317598	0.312989	0.317350	0.316556	0.316154	0.320814	0.313868	0.317111	0.304422	0.323419	0.303918	0.304995	0.302617	0.305677	0.302901	0.304283	0.310552	0.309506	0.308278	0.312609	0.305145	0.309788	0.308216	0.303743	0.306438	0.307320	0.303269	0.308396	0.303708	0.307505	0.303251	0.306140	0.322766	0.316020	0.312030	0.312163	0.295905	0.321818	0.316025	0.323428	0.321631	0.295229	0.320287	0.302667	0.316556	0.299563	0.318830	0.320633	0.313342	
0.288211	0.317414	0.287973	0.282308	0.299399	0.299202	0.294403	0.290717	0.301114	0.289923	0.290792	0.304526	0.296397	0.295597	0.288865	0.292254	0.285877	0.293788	0.302141	0.288229	0.302721	0.290783	0.303643	0.296879	0.285959	0.295932	0.295518	0.298964	0.288034	0.299571	0.289787	0.294075	0.295171	0.000000	0.292702	0.294690	0.292700	0.286812	0.300603	0.288651	0.298883	0.292422	0.302969	0.291667	0.310403	0.316191	0.315364	0.313241	0.315831	0.312914	0.311224	0.314266	0.292132	0.317599	0.293819	0.291567	0.293658	0.297532	0.291417	0.295037	0.293173	0.299285	0.299021	0.314563	0.299811	0.300056	0.296445	0.292010	0.301381	0.294855	0.293406	0.300201	0.297125	0.299718	0.296558	0.298603	0.312154	0.308469	0.308948	0.309824	0.306252	0.304214	0.310071	0.306857	0.306890	0.295638	0.308573	0.296866	0.304592	0.294218	0.308081	0.312349	0.310091	
0.297456	0.315716	0.281784	0.296600	0.293538	0.294736	0.304634	0.303144	0.295981	0.299309	0.291173	0.300974	0.288681	0.261203	0.222148	0.293731	0.305815	0.290371	0.295435	0.299637	0.294883	0.290411	0.305817	0.296795	0.278312	0.293288	0.290663	0.292008	0.281175	0.300833	0.277895	0.225748	0.297845	0.292702	0.000000	0.303317	0.299423	0.286035	0.303174	0.277817	0.304881	0.303240	0.305327	0.303979	0.320986	0.317780	0.313118	0.323430	0.318942	0.316242	0.313905	0.318427	0.295178	0.322054	0.294431	0.310136	0.305809	0.299056	0.308556	0.294778	0.300185	0.299175	0.301859	0.313231	0.302243	0.299136	0.297978	0.294965	0.294915	0.302684	0.306407	0.301067	0.298247	0.305479	0.308555	0.298795	0.316815	0.315890	0.317794	0.317572	0.296237	0.322758	0.319361	0.322665	0.320245	0.298618	0.319427	0.298118	0.315896	0.307469	0.314872	0.321311	0.315043	
0.291866	0.309040	0.292135	0.298545	0.303289	0.303389	0.300370	0.298477	0.299446	0.289167	0.280854	0.301596	0.301571	0.304766	0.298018	0.295247	0.278418	0.299789	0.303456	0.299381	0.308858	0.302163	0.310662	0.306392	0.297054	0.297346	0.296085	0.296158	0.301553	0.309610	0.301129	0.297322	0.297173	0.294690	0.303317	0.000000	0.141586	0.291096	0.147922	0.296646	0.140725	0.141296	0.306551	0.237668	0.321459	0.320264	0.318162	0.326584	0.322030	0.322447	0.318765	0.322769	0.302554	0.325963	0.306895	0.300466	0.298998	0.309511	0.302161	0.309568	0.309044	0.307329	0.311343	0.325787	0.310195	0.305550	0.306532	0.302169	0.305684	0.310885	0.308335	0.307073	0.303796	0.301961	0.303560	0.306764	0.324770	0.321509	0.322494	0.323598	0.283998	0.326553	0.324815	0.323517	0.327571	0.295300	0.328020	0.310987	0.323661	0.304824	0.321919	0.327221	0.321237	
0.297936	0.313846	0.297366	0.294866	0.306503	0.303394	0.297146	0.297997	0.303299	0.286977	0.275254	0.304041	0.302249	0.302517	0.301182	0.297911	0.278139	0.291948	0.302136	0.298625	0.303633	0.297022	0.309309	0.305957	0.295874	0.300946	0.298281	0.298798	0.300283	0.311896	0.303412	0.301872	0.299556	0.292700	0.299423	0.141586	0.000000	0.292807	0.159087	0.294004	0.144148	0.138170	0.303506	0.236899	0.323676	0.320503	0.318107	0.319907	0.321106	0.321567	0.318462	0.321205	0.303007	0.327956	0.307092	0.301565	0.297494	0.311360	0.301313	0.308302	0.312047	0.304745	0.311481	0.323497	0.308617	0.306745	0.307248	0.305054	0.308013	0.306982	0.306204	0.306890	0.305669	0.304931	0.306051	0.306966	0.320365	0.318872	0.320333	0.321653	0.285994	0.322443	0.317498	0.324503	0.323712	0.294886	0.328733	0.308553	0.325208	0.306779	0.318000	0.320849	0.319304	
0.285347	0.294461	0.287144	0.285145	0.292277	0.297504	0.277342	0.277281	0.293169	0.275486	0.292865	0.294321	0.294925	0.291591	0.280098	0.272967	0.290795	0.283238	0.295205	0.290824	0.283906	0.269960	0.288271	0.288015	0.286624	0.270256	0.272938	0.278079	0.298798	0.289339	0.254878	0.275232	0.294599	0.286812	0.286035	0.291096	0.292807	0.000000	0.283516	0.279848	0.293364	0.288386	0.300393	0.284494	0.318182	0.314998	0.315196	0.316318	0.321577	0.316709	0.318227	0.318962	0.283372	0.316777	0.283525	0.297134	0.295782	0.286268	0.300661	0.283601	0.290738	0.285424	0.285321	0.316220	0.289292	0.286315	0.288326	0.283377	0.286927	0.290173	0.299615	0.289421	0.285293	0.297992	0.298353	0.291312	0.314188	0.310267	0.311694	0.310451	0.289867	0.311588	0.310308	0.309897	0.315857	0.291098	0.313427	0.297974	0.311588	0.301613	0.305785	0.307894	0.314124	
0.287103	0.310000	0.288257	0.294479	0.307198	0.297224	0.291915	0.298604	0.306052	0.290449	0.278670	0.306434	0.304954	0.296397	0.301940	0.299020	0.281520	0.291827	0.308834	0.302156	0.305737	0.295031	0.310588	0.307622	0.298452	0.299269	0.298405	0.297194	0.305081	0.311362	0.296645	0.297033	0.286991	0.300603	0.303174	0.147922	0.159087	0.283516	0.000000	0.299568	0.142828	0.148095	0.294118	0.242021	0.322468	0.316295	0.313986	0.322062	0.320595	0.316356	0.318741	0.317431	0.303324	0.313860	0.309541	0.303360	0.300222	0.315172	0.301207	0.308579	0.309666	0.315558	0.313194	0.318975	0.312500	0.306093	0.315266	0.309222	0.313800	0.316534	0.301317	0.316630	0.304387	0.303268	0.307650	0.312625	0.314013	0.313934	0.316614	0.317193	0.291689	0.324991	0.318902	0.327615	0.326231	0.291910	0.320861	0.298644	0.319234	0.311566	0.311987	0.321116	0.316395	
0.290375	0.291960	0.285129	0.290281	0.287440	0.286645	0.292364	0.291063	0.289115	0.288604	0.289910	0.284700	0.286243	0.290922	0.280973	0.286187	0.287503	0.280784	0.288762	0.292295	0.284115	0.283281	0.294860	0.289333	0.299832	0.284030	0.289592	0.288701	0.293907	0.288804	0.300665	0.281783	0.299251	0.288651	0.277817	0.296646	0.294004	0.279848	0.299568	0.000000	0.293927	0.300143	0.305889	0.294588	0.314914	0.323145	0.315840	0.319512	0.321616	0.317434	0.317544	0.318695	0.283234	0.320150	0.287548	0.298578	0.294961	0.286904	0.293627	0.283724	0.289616	0.286242	0.285647	0.316178	0.282710	0.288486	0.285664	0.285748	0.286822	0.287181	0.299606	0.286119	0.287616	0.297872	0.299447	0.290931	0.317076	0.320235	0.318903	0.315383	0.295164	0.319454	0.320344	0.323508	0.321446	0.303705	0.319507	0.312106	0.317735	0.307656	0.322424	0.323780	0.315943	
0.289357	0.305381	0.290675	0.296353	0.305622	0.295688	0.298851	0.299391	0.304751	0.294016	0.281661	0.305968	0.299706	0.297245	0.300922	0.303512	0.278961	0.297969	0.305243	0.302686	0.312099	0.305291	0.315823	0.314194	0.300247	0.304101	0.302840	0.309901	0.309488	0.314319	0.300993	0.302259	0.296917	0.298883	0.304881	0.140725	0.144148	0.293364	0.142828	0.293927	0.000000	0.142984	0.305617	0.238758	0.325828	0.319786	0.319818	0.323156	0.321526	0.321741	0.325139	0.323533	0.305649	0.322216	0.311832	0.304774	0.297563	0.314369	0.299573	0.313858	0.315755	0.311125	0.313930	0.326224	0.315656	0.310371	0.311247	0.305839	0.313910	0.314839	0.306397	0.312884	0.308637	0.306799	0.310336	0.313592	0.331354	0.329738	0.329992	0.329469	0.293707	0.330998	0.327372	0.330899	0.335798	0.298648	0.335518	0.311635	0.331919	0.314297	0.326176	0.329731	0.328395	
0.299500	0.313986	0.299101	0.296540	0.308842	0.303162	0.300138	0.300970	0.304660	0.287618	0.279418	0.304592	0.305030	0.299046	0.302831	0.298443	0.274787	0.293296	0.306194	0.297060	0.306480	0.298773	0.311596	0.307765	0.298270	0.301753	0.298531	0.298888	0.301834	0.309056	0.298791	0.303243	0.295991	0.292422	0.303240	0.141296	0.138170	0.288386	0.148095	0.300143	0.142984	0.000000	0.307839	0.233711	0.317704	0.323942	0.320030	0.324063	0.320596	0.317194	0.319521	0.320004	0.303660	0.319952	0.311566	0.304517	0.299817	0.311451	0.303098	0.310345	0.308600	0.304181	0.313945	0.322836	0.311439	0.305817	0.310872	0.306014	0.308840	0.312336	0.307619	0.307531	0.306208	0.303783	0.304874	0.309095	0.327277	0.322338	0.324469	0.325899	0.288449	0.332265	0.323959	0.330061	0.330208	0.293113	0.329611	0.309375	0.328135	0.303208	0.323840	0.329266	0.321436	
0.304204	0.305152	0.298807	0.287028	0.308738	0.311104	0.305344	0.309448	0.305203	0.301767	0.302652	0.303043	0.309081	0.313276	0.290269	0.309451	0.308224	0.299732	0.306242	0.304306	0.318751	0.305829	0.324060	0.316901	0.295281	0.315006	0.310577	0.311580	0.301658	0.318588	0.291546	0.298845	0.308721	0.302969	0.305327	0.306551	0.303506	0.300393	0.294118	0.305889	0.305617	0.307839	0.000000	0.305204	0.322858	0.325896	0.319229	0.324913	0.328750	0.330518	0.326508	0.326421	0.316164	0.324572	0.316700	0.300626	0.298995	0.319007	0.303719	0.317735	0.323395	0.318666	0.314422	0.325359	0.319449	0.323662	0.317201	0.314557	0.314910	0.318612	0.302811	0.324179	0.315867	0.301513	0.303382	0.318674	0.279856	0.277821	0.271586	0.274794	0.305085	0.275369	0.273879	0.281243	0.275759	0.303113	0.276531	0.273297	0.272056	0.226255	0.272315	0.278208	0.275016	
0.291835	0.304950	0.295053	0.302343	0.297303	0.297714	0.290840	0.292824	0.295131	0.281023	0.276642	0.296088	0.294315	0.293604	0.300146	0.300719	0.279839	0.277459	0.299358	0.287037	0.299218	0.295683	0.305965	0.301124	0.298562	0.299627	0.292506	0.300659	0.298197	0.304515	0.292794	0.305357	0.293166	0.291667	0.303979	0.237668	0.236899	0.284494	0.242021	0.294588	0.238758	0.233711	0.305204	0.000000	0.314146	0.320879	0.317092	0.315335	0.313189	0.311910	0.311347	0.316450	0.294030	0.316915	0.302226	0.303569	0.304074	0.302567	0.305360	0.300092	0.303247	0.296918	0.304053	0.317294	0.302953	0.299190	0.300273	0.301742	0.299612	0.297203	0.307067	0.304637	0.296300	0.302521	0.304864	0.301109	0.316627	0.317700	0.318878	0.319371	0.282309	0.322695	0.317120	0.321804	0.318333	0.296438	0.319020	0.311552	0.323374	0.308557	0.316281	0.322337	0.319000	
0.321878	0.339194	0.318556	0.312952	0.332254	0.326064	0.319176	0.317977	0.333192	0.310352	0.298643	0.332181	0.328912	0.320891	0.324065	0.319945	0.285406	0.303058	0.336533	0.302491	0.325934	0.303123	0.326646	0.322625	0.323722	0.319996	0.317776	0.322091	0.321397	0.324468	0.317198	0.322800	0.317598	0.310403	0.320986	0.321459	0.323676	0.318182	0.322468	0.314914	0.325828	0.317704	0.322858	0.314146	0.000000	0.155293	0.161661	0.157112	0.161392	0.155648	0.164756	0.155421	0.319172	0.163840	0.320064	0.319503	0.318688	0.325263	0.321341	0.319176	0.327429	0.323065	0.323399	0.158379	0.318762	0.326103	0.323868	0.321903	0.319469	0.325481	0.322746	0.325797	0.322025	0.321815	0.313884	0.326784	0.335889	0.330559	0.332832	0.332451	0.292075	0.334833	0.332443	0.336685	0.332407	0.277514	0.333862	0.319660	0.337485	0.327393	0.332734	0.336504	0.333152	
0.315919	0.336085	0.320377	0.317047	0.335286	0.332228	0.317907	0.319717	0.336005	0.312753	0.304117	0.332534	0.332621	0.322619	0.325296	0.323818	0.290639	0.305608	0.337534	0.306745	0.328055	0.311720	0.327994	0.321204	0.328006	0.320404	0.321933	0.323633	0.324634	0.325489	0.317779	0.324519	0.312989	0.316191	0.317780	0.320264	0.320503	0.314998	0.316295	0.323145	0.319786	0.323942	0.325896	0.320879	0.155293	0.000000	0.158270	0.159020	0.160627	0.167105	0.162649	0.154842	0.320287	0.171222	0.319258	0.328894	0.327509	0.323703	0.326131	0.322424	0.323622	0.324429	0.323152	0.159715	0.323120	0.321232	0.326490	0.320697	0.320308	0.324766	0.326623	0.326570	0.324918	0.327479	0.324142	0.327288	0.340870	0.333784	0.336003	0.332620	0.295433	0.339643	0.331465	0.335252	0.337964	0.271073	0.339415	0.320846	0.337172	0.330280	0.337286	0.334796	0.336356	
0.319390	0.328947	0.317486	0.313999	0.330597	0.327571	0.321081	0.315148	0.333440	0.313704	0.301025	0.335728	0.331349	0.316916	0.321794	0.323905	0.288623	0.303179	0.332616	0.298994	0.322646	0.309574	0.327822	0.319906	0.321688	0.322851	0.320072	0.323422	0.318402	0.323567	0.318889	0.323731	0.317350	0.315364	0.313118	0.318162	0.318107	0.315196	0.313986	0.315840	0.319818	0.320030	0.319229	0.317092	0.161661	0.158270	0.000000	0.158008	0.165011	0.159996	0.158938	0.156569	0.321910	0.166025	0.320514	0.323965	0.325256	0.321116	0.325854	0.320134	0.319369	0.326743	0.326831	0.157991	0.321909	0.325404	0.326039	0.322152	0.320641	0.321732	0.321901	0.326897	0.325951	0.321352	0.323513	0.324799	0.339963	0.333371	0.333514	0.334935	0.292298	0.340391	0.333836	0.336128	0.336960	0.273635	0.339552	0.319507	0.335711	0.323070	0.335219	0.339017	0.337017	
